ROAD 1 11578 8601 7031 3679
ROAD 1 7031 3679 5179 0
ROAD 1 18046 34828 15890 29156
ROAD 1 15890 29156 14859 21843
ROAD 1 18914 35835 18046 34828
ROAD 1 19476 35894 20589 38730
ROAD 1 16476 43125 18175 42984
ROAD 1 20800 41121 18175 42984
ROAD 1 20250 51890 22265 54937
ROAD 1 20109 66046 24796 70382
ROAD 1 27187 77882 25921 76335
ROAD 1 28136 83390 30410 84421
ROAD 1 31394 84328 30410 84421
ROAD 1 33562 88195 33714 88183
ROAD 1 33714 88183 33820 86929
ROAD 1 33820 86929 33621 86015
ROAD 1 24351 8039 19195 9773
ROAD 1 35203 11484 33609 11578
ROAD 1 33609 11578 32156 10570
ROAD 1 53085 9445 50203 10171
ROAD 1 50203 10171 46125 10781
ROAD 1 46125 10781 44648 11015
ROAD 1 41460 10734 44648 11015
ROAD 1 53085 9445 57609 9738
ROAD 1 74179 20062 67523 12867
ROAD 1 122039 28851 119085 28898
ROAD 1 119085 28898 116625 27960
ROAD 1 116625 27960 114937 26507
ROAD 1 110671 25476 109558 26320
ROAD 1 109558 26320 107039 28687
ROAD 1 102562 33503 101777 33609
ROAD 1 102562 33503 103828 32894
ROAD 1 101777 33609 98812 31265
ROAD 1 98812 31265 96281 30656
ROAD 1 101390 37078 99984 38812
ROAD 1 99984 38812 97640 40265
ROAD 1 96281 30656 78656 24515
ROAD 1 78656 24515 75703 24000
ROAD 1 74179 20062 75703 24000
ROAD 1 97640 40265 90515 40734
ROAD 1 90515 40734 87421 42234
ROAD 1 87421 42234 77156 41156
ROAD 1 77156 41156 75328 39925
ROAD 1 122039 28851 127546 28359
ROAD 1 130640 26613 133781 26355
ROAD 1 137636 29085 136253 28640
ROAD 1 136253 28640 134742 26648
ROAD 1 134742 26648 133781 26355
ROAD 1 150281 20671 147398 22558
ROAD 1 145382 24128 147398 22558
ROAD 1 143226 25710 142031 26800
ROAD 1 142031 26800 141820 27761
ROAD 1 141820 27761 141246 28300
ROAD 1 150597 19148 153796 17414
ROAD 1 169781 15035 174843 11296
ROAD 1 174843 11296 183703 7406
ROAD 1 183703 7406 183703 7406
ROAD 1 183703 7406 191859 4968
ROAD 1 153796 17414 156656 17906
ROAD 1 156656 17906 158812 19828
ROAD 1 158812 19828 164578 20625
ROAD 1 164578 20625 168843 19312
ROAD 1 106391 32610 106505 32622
ROAD 1 105509 32244 105720 32334
ROAD 1 11449 9257 11455 9023
ROAD 1 11455 9023 11578 8601
ROAD 1 12498 9949 12662 9943
ROAD 1 12662 9943 13160 10113
ROAD 1 13160 10113 19195 9773
ROAD 1 11800 10998 11794 11214
ROAD 1 11794 11214 13066 12410
ROAD 1 13066 12410 15457 14718
ROAD 1 15457 14718 15937 16148
ROAD 1 15943 17501 15955 17162
ROAD 1 15955 17162 15937 16148
ROAD 1 15486 19148 15316 19605
ROAD 1 15011 20531 15316 19605
ROAD 1 14850 21319 14859 21093
ROAD 1 14859 21093 15011 20531
ROAD 1 14850 21413 14847 21580
ROAD 1 14847 21580 14859 21843
ROAD 1 19083 35853 18914 35835
ROAD 1 19183 35850 19476 35894
ROAD 1 20589 38730 20847 40529
ROAD 1 20847 40529 20853 40816
ROAD 1 20850 40913 20800 41121
ROAD 1 16587 43795 20250 51890
ROAD 1 21257 60345 21351 60099
ROAD 1 22265 54937 22335 57000
ROAD 1 22335 57000 21351 60099
ROAD 1 20736 61904 20349 62460
ROAD 1 20349 62460 19869 62876
ROAD 1 19869 62876 19875 63011
ROAD 1 19869 63732 19875 64001
ROAD 1 19875 64001 20109 66046
ROAD 1 24796 70382 25335 71261
ROAD 1 25335 72000 25675 74460
ROAD 1 25353 71569 25335 71261
ROAD 1 25350 71663 25335 72000
ROAD 1 25675 74460 25921 76335
ROAD 1 27187 77882 28113 82253
ROAD 1 28125 82508 28113 82253
ROAD 1 28122 83229 28136 83390
ROAD 1 30421 84843 30410 84421
ROAD 1 30424 85353 30416 85541
ROAD 1 32097 86581 32232 86581
ROAD 1 31587 86581 31470 86583
ROAD 1 32742 85904 32671 86080
ROAD 1 32671 86080 32232 86581
ROAD 1 31839 84480 31394 84328
ROAD 1 30416 85541 30855 87269
ROAD 1 31470 86583 31042 86824
ROAD 1 31042 86824 30855 87269
ROAD 1 33410 85757 33621 86015
ROAD 1 33492 84949 33738 84949
ROAD 1 36600 88822 36603 88538
ROAD 1 36597 88916 36597 89241
ROAD 1 29255 10880 29080 10880
ROAD 1 29970 10880 30111 10880
ROAD 1 37086 11100 36782 11091
ROAD 1 37177 11103 37482 11100
ROAD 1 62569 10655 62291 10652
ROAD 1 62663 10655 62841 10652
ROAD 1 64839 10983 64517 10910
ROAD 1 24351 8039 29080 10880
ROAD 1 21562 20695 21820 20671
ROAD 1 21820 20671 21843 19640
ROAD 1 21843 19640 17226 18257
ROAD 1 17226 18257 16992 18210
ROAD 1 30111 10880 32156 10570
ROAD 1 36782 11091 35203 11484
ROAD 1 37482 11100 41460 10734
ROAD 1 62291 10652 57609 9738
ROAD 1 62841 10652 64517 10910
ROAD 1 66404 11507 67523 12867
ROAD 2 67523 12867 71250 12843
ROAD 2 74449 38496 74542 38179
ROAD 2 74542 38179 74144 36281
ROAD 2 74144 36281 72937 35109
ROAD 2 72937 35109 73078 32718
ROAD 2 73078 32718 74718 31031
ROAD 2 74718 31031 75123 28675
ROAD 2 75123 28675 75703 24000
ROAD 1 102600 34166 102600 34476
ROAD 1 102603 34069 102612 33752
ROAD 1 102600 34476 101390 37078
ROAD 1 102612 33752 102562 33503
ROAD 1 103989 32660 103828 32894
ROAD 2 103350 31166 103350 31461
ROAD 2 103839 31983 103464 31684
ROAD 2 103464 31684 103350 31461
ROAD 2 103347 31066 103350 30952
ROAD 2 103350 30952 103227 30858
ROAD 2 103227 30858 102996 30855
ROAD 2 102996 30855 102574 30585
ROAD 2 103318 30471 103376 30471
ROAD 2 103376 30471 103429 30515
ROAD 2 103429 30515 103432 30682
ROAD 2 103432 30682 103227 30858
ROAD 1 106163 32405 106245 32405
ROAD 1 106245 32405 106344 32463
ROAD 1 106344 32463 106391 32610
ROAD 1 106069 32402 105996 32402
ROAD 1 105996 32402 105720 32334
ROAD 2 102574 30585 102328 29648
ROAD 2 102328 29648 102140 26589
ROAD 2 102140 26589 101062 23109
ROAD 2 101062 23109 101156 19171
ROAD 2 101156 19171 100546 13218
ROAD 2 100546 13218 97757 6585
ROAD 2 97801 5906 97757 6585
ROAD 2 97508 5625 97204 5633
ROAD 2 98241 5625 98613 5616
ROAD 2 71250 12843 74109 11156
ROAD 2 74109 11156 78375 11109
ROAD 2 78375 11109 84140 12000
ROAD 2 97204 5633 90234 8812
ROAD 2 90234 8812 87328 9187
ROAD 2 87328 9187 84140 12000
ROAD 2 98613 5616 103078 5625
ROAD 2 103078 5625 110109 8390
ROAD 2 110109 8390 112078 11625
ROAD 2 112078 11625 114000 13828
ROAD 2 114758 13877 114404 13877
ROAD 2 115479 13877 115945 13886
ROAD 2 115101 14147 115098 14373
ROAD 2 114000 13828 114404 13877
ROAD 2 115098 14373 113718 16500
ROAD 2 113718 16500 112101 19218
ROAD 2 112101 19218 110835 22535
ROAD 2 110835 22535 110850 22813
ROAD 2 110853 22916 110841 23247
ROAD 2 110671 25476 110841 23247
ROAD 1 104850 30322 104859 30043
ROAD 1 104850 30413 104850 30703
ROAD 1 104446 31743 104440 31567
ROAD 1 104440 31567 104850 30703
ROAD 1 104859 30043 105128 29144
ROAD 1 105128 29144 106037 28839
ROAD 1 106037 28839 107039 28687
ROAD 1 110671 25476 112265 26332
ROAD 1 112265 26332 112511 26396
ROAD 1 112819 26402 112511 26396
ROAD 1 112916 26402 113229 26411
ROAD 1 113229 26411 114937 26507
ROAD 1 128100 27322 128106 27023
ROAD 1 128100 27416 128100 27729
ROAD 1 128100 27729 127546 28359
ROAD 1 128446 26903 128106 27023
ROAD 2 129902 28089 129899 27940
ROAD 2 129902 28183 129902 28406
ROAD 2 129899 27940 129641 27764
ROAD 2 129641 27764 129043 27585
ROAD 2 129064 26997 129043 27585
ROAD 1 129000 26929 128446 26903
ROAD 1 130253 26443 130640 26613
ROAD 2 115945 13886 117187 14507
ROAD 2 117187 14507 120656 15703
ROAD 2 120656 15703 121324 17619
ROAD 2 121324 17619 122156 20250
ROAD 2 122156 20250 123996 21837
ROAD 2 123996 21837 126005 23033
ROAD 2 127781 24281 126005 23033
ROAD 2 127781 24281 128970 25119
ROAD 2 128970 25119 129187 25429
ROAD 2 129187 25429 129199 25751
ROAD 1 137636 29085 139394 28828
ROAD 1 139590 28831 139394 28828
ROAD 1 140100 28833 140229 28831
ROAD 1 140229 28831 141246 28300
ROAD 1 143226 25710 144755 24181
ROAD 1 145163 24152 145382 24128
ROAD 1 145069 24155 144755 24181
ROAD 1 150600 20232 150281 20671
ROAD 1 150600 19918 150600 20232
ROAD 1 150603 19816 150597 19148
ROAD 1 169174 18600 169171 18723
ROAD 1 169171 18723 168843 19312
ROAD 1 169171 18093 169177 17991
ROAD 1 169177 17991 169309 17750
ROAD 1 169693 15996 169781 15035
ROAD 1 73751 39544 73236 39574
ROAD 1 73236 39574 68015 40875
ROAD 1 68015 40875 58078 41203
ROAD 1 28500 30140 41437 37828
ROAD 1 27600 28166 27597 28488
ROAD 1 27600 28069 27606 27776
ROAD 1 27597 28488 28500 30140
ROAD 1 21820 20671 23671 24328
ROAD 1 23671 24328 26929 26273
ROAD 1 26929 26273 27606 27776
ROAD 1 42735 37872 43092 37872
ROAD 1 42014 37872 41437 37828
ROAD 1 42354 38150 42354 38428
ROAD 1 42354 38428 42714 38926
ROAD 1 43092 37872 52570 40500
ROAD 1 52570 40500 58078 41203
ROAD 1 16101 43388 16119 43558
ROAD 1 16119 43558 16587 43795
ROAD 1 33738 84949 34898 86203
ROAD 1 34898 86203 36603 88538
ROAD 2 33738 84949 35531 83882
ROAD 1 26982 89308 27714 89332
ROAD 1 27714 89332 30070 88769
ROAD 1 30070 88769 30855 87269
ROAD 1 25839 88992 24914 88195
ROAD 1 14906 83437 24914 88195
ROAD 1 11906 81281 8812 75468
ROAD 1 93 73875 2812 73968
ROAD 1 2812 73968 6093 74062
ROAD 1 8056 74748 8068 75029
ROAD 1 8068 75029 8812 75468
ROAD 1 7089 73980 6802 73792
ROAD 1 6802 73792 6093 74062
ROAD 1 13001 83044 12808 83044
ROAD 1 12808 83044 11906 81281
ROAD 1 13998 82699 14232 82699
ROAD 1 14232 82699 14906 83437
ROAD 2 21498 60943 21943 60955
ROAD 2 37145 54855 37163 54553
ROAD 2 37485 55130 37699 55130
ROAD 2 36758 55125 36401 55125
ROAD 2 38100 55822 38097 55520
ROAD 2 38103 55916 38103 56226
ROAD 2 37350 53569 37350 53279
ROAD 2 37350 53666 37347 53988
ROAD 2 37347 53988 37163 54553
ROAD 2 38097 55520 37699 55130
ROAD 2 36401 55125 33656 54937
ROAD 2 33656 54937 30234 55781
ROAD 2 30234 55781 26953 59343
ROAD 2 26953 59343 21943 60955
ROAD 2 35531 83882 38109 82828
ROAD 2 38109 82828 38765 78750
ROAD 2 38765 78750 38578 69515
ROAD 2 38578 69515 38671 64453
ROAD 2 38671 64453 38578 60937
ROAD 2 38578 60937 38812 59343
ROAD 2 38812 59343 38103 56226
ROAD 2 38100 42319 38100 42038
ROAD 2 38100 42413 38094 42711
ROAD 2 42354 38428 38100 42038
ROAD 2 38094 42711 38390 49828
ROAD 2 38390 49828 37350 53279
ROAD 1 33902 94171 33779 94168
ROAD 1 34409 94174 34497 94171
ROAD 1 34749 94300 34497 94171
ROAD 1 36055 93155 36064 92827
ROAD 1 36410 94763 36878 95030
ROAD 1 40652 100924 40502 100924
ROAD 1 41159 100924 41244 100924
ROAD 1 41496 101050 41244 100924
ROAD 1 41589 100236 41273 99867
ROAD 1 42404 101507 42867 101988
ROAD 1 41340 103831 41247 103831
ROAD 1 41340 104581 41235 104581
ROAD 1 41847 104581 41967 104581
ROAD 1 41847 103831 41964 103831
ROAD 1 42246 104050 41964 103831
ROAD 1 42249 104800 41967 104581
ROAD 1 43306 105498 43300 105679
ROAD 1 43350 106822 43344 106526
ROAD 1 43350 106916 43356 107229
ROAD 1 26803 90500 26806 90750
ROAD 1 36064 92827 36597 89241
ROAD 1 26806 90750 28992 94148
ROAD 1 33779 94168 28992 94148
ROAD 1 28992 94148 29718 100781
ROAD 1 29718 100781 31593 104531
ROAD 1 31593 104531 24093 110343
ROAD 1 24093 110343 14062 111281
ROAD 1 41273 99867 40500 97218
ROAD 1 40500 97218 36878 95030
ROAD 1 40502 100924 37289 100593
ROAD 1 37289 100593 33046 100265
ROAD 1 33046 100265 29718 100781
ROAD 1 31593 104531 35437 103945
ROAD 1 35437 103945 38906 104226
ROAD 1 38906 104226 41340 103831
ROAD 1 41235 104581 38906 104226
ROAD 2 35437 103945 37289 100593
ROAD 1 41736 101654 41625 101953
ROAD 1 41625 101953 42099 103037
ROAD 1 42099 103037 42339 103242
ROAD 1 43300 105679 43344 106526
ROAD 1 42943 102996 42955 102779
ROAD 1 42955 102779 42867 101988
ROAD 1 43992 104449 44460 104472
ROAD 1 44460 104472 44912 104765
ROAD 2 44003 103693 44455 103687
ROAD 2 44460 104472 44947 104232
ROAD 1 46836 105600 46532 105600
ROAD 1 46930 105600 47191 105603
ROAD 1 46532 105600 44912 104765
ROAD 2 44455 103687 44695 103312
ROAD 2 44695 103312 44636 102445
ROAD 2 44636 102445 44847 101742
ROAD 2 44947 104232 46664 104144
ROAD 1 13482 111369 14062 111281
ROAD 1 12761 111369 12052 111410
ROAD 1 12052 111410 7640 113296
ROAD 1 7640 113296 5062 120656
ROAD 1 5062 120656 5390 125250
ROAD 1 5390 125250 13500 130031
ROAD 1 13500 130031 17015 135890
ROAD 1 17015 135890 18093 136031
ROAD 1 19171 137859 18046 144046
ROAD 1 18046 144046 10781 146437
ROAD 1 10781 146437 8812 152062
ROAD 1 8812 152062 9562 155718
ROAD 1 9562 155718 3562 160687
ROAD 1 1500 164531 2906 177093
ROAD 1 3093 181406 4218 191718
ROAD 1 19007 136294 18093 136031
ROAD 1 19236 136910 19171 137859
ROAD 1 2613 161255 2636 161132
ROAD 1 2636 161132 3562 160687
ROAD 1 2619 161976 2613 162087
ROAD 1 1242 162949 1546 162943
ROAD 1 1546 162943 2613 162087
ROAD 1 1160 163757 1500 164531
ROAD 1 3058 178652 2906 177093
ROAD 1 2941 180591 3093 181406
ROAD 1 46353 113569 46350 113244
ROAD 1 46350 113666 46344 113985
ROAD 1 45193 123246 45222 122501
ROAD 1 45550 124242 45550 124851
ROAD 1 44850 136819 44850 136508
ROAD 1 44850 136913 44844 137229
ROAD 1 44507 137589 44844 137229
ROAD 1 44660 138257 45755 138585
ROAD 1 46083 138603 45755 138585
ROAD 1 46180 138603 46479 138603
ROAD 1 43986 138404 43857 139037
ROAD 1 43356 107229 45937 109617
ROAD 1 45937 109617 46350 113244
ROAD 1 46344 113985 44906 118570
ROAD 1 44906 118570 45222 122501
ROAD 1 45550 124851 45585 131601
ROAD 1 45585 131601 45656 134882
ROAD 1 45656 134882 44850 136508
ROAD 1 43857 139037 42796 141328
ROAD 1 42796 141328 42609 144375
ROAD 1 42609 144375 43453 145781
ROAD 1 43453 145781 48562 145968
ROAD 1 48562 145968 50906 149531
ROAD 1 50906 149531 55875 154171
ROAD 1 58652 157086 58661 156764
ROAD 1 58652 157180 58655 157473
ROAD 1 59586 160236 59188 159667
ROAD 1 61160 160763 61611 161085
ROAD 1 63375 163505 63369 163166
ROAD 1 63375 164232 63363 164361
ROAD 1 63363 164361 63556 164666
ROAD 1 58661 156764 55875 154171
ROAD 1 58655 157473 59188 159667
ROAD 1 61611 161085 63369 163166
ROAD 1 63556 164666 65132 166007
ROAD 1 65132 166007 67125 167273
ROAD 1 67125 167273 68671 168445
ROAD 1 68671 168445 69304 169359
ROAD 1 69304 169359 69304 170039
ROAD 1 69304 170039 68718 170765
ROAD 1 68718 170765 67875 171468
ROAD 1 67875 171468 67523 172406
ROAD 1 67523 172406 68015 173671
ROAD 1 68015 173671 68226 180398
ROAD 1 68226 180398 68507 182882
ROAD 1 68507 182882 70921 185226
ROAD 1 70921 185226 73101 187289
ROAD 1 73101 187289 74414 188273
ROAD 1 79101 188730 78375 188343
ROAD 1 78375 188343 74414 188273
ROAD 1 79910 189246 81960 191976
ROAD 1 46479 138603 52523 136781
ROAD 1 52523 136781 57140 136898
ROAD 1 66011 133130 65390 133119
ROAD 1 66732 133130 67371 133130
ROAD 1 57140 136898 58851 135257
ROAD 1 58851 135257 59531 132937
ROAD 1 59531 132937 61148 132046
ROAD 1 61148 132046 65390 133119
ROAD 1 67371 133130 72398 132867
ROAD 1 72398 132867 76945 132140
ROAD 1 76945 132140 79828 132539
ROAD 1 79828 132539 83742 132937
ROAD 1 83742 132937 87117 131250
ROAD 1 90058 125976 90011 126210
ROAD 1 90011 126210 89712 128085
ROAD 1 87117 131250 89712 128085
ROAD 1 88066 123905 87758 123890
ROAD 1 88166 123905 88491 123902
ROAD 1 89501 124294 89191 124259
ROAD 1 89191 124259 88491 123902
ROAD 2 91300 126498 91300 127441
ROAD 1 91429 123750 91482 123603
ROAD 1 91482 123603 91634 122314
ROAD 1 92185 124505 92255 124376
ROAD 1 92255 124376 92712 123298
ROAD 1 92712 123298 92917 122677
ROAD 1 92917 122677 93603 122326
ROAD 1 94166 126152 94464 126149
ROAD 1 94072 126152 93752 126155
ROAD 1 92753 125446 93096 125455
ROAD 1 93096 125455 93313 125525
ROAD 1 93752 126155 93515 125997
ROAD 1 93515 125997 93313 125525
ROAD 1 97916 120152 98229 120149
ROAD 1 97816 120155 97497 120149
ROAD 1 98490 127294 97763 127248
ROAD 1 101666 126902 101970 126902
ROAD 1 101566 126905 101261 126902
ROAD 1 100253 126946 100608 126946
ROAD 1 100608 126946 101261 126902
ROAD 1 94464 126149 97763 127248
ROAD 2 91933 129600 92238 129600
ROAD 2 91836 129600 91514 129594
ROAD 2 91514 129594 91230 129398
ROAD 2 91230 129398 91136 128671
ROAD 2 91136 128671 91300 127441
ROAD 2 92238 129600 92718 129750
ROAD 2 92718 129750 93105 130453
ROAD 2 46664 104144 48773 103218
ROAD 2 48773 103218 51503 103335
ROAD 1 49505 105380 49242 105380
ROAD 1 50226 105375 50513 105392
ROAD 1 47191 105603 49242 105380
ROAD 2 51503 103335 53964 102761
ROAD 2 53964 102761 56707 102820
ROAD 2 59988 103875 60380 103869
ROAD 2 59598 104150 59601 104592
ROAD 2 59261 103872 58769 103833
ROAD 2 59850 105316 59841 105143
ROAD 2 59841 105143 59601 104592
ROAD 2 59850 105416 59850 105720
ROAD 1 50513 105392 52359 105843
ROAD 1 52359 105843 57164 111656
ROAD 2 59850 105720 59625 109828
ROAD 2 56707 102820 58769 103833
ROAD 1 58839 112236 58382 112025
ROAD 1 57164 111656 58382 112025
ROAD 1 59660 112751 60310 113203
ROAD 2 59519 112089 59947 111421
ROAD 2 59191 113085 59208 113894
ROAD 2 59947 111421 59625 109828
ROAD 1 87758 123890 81820 121265
ROAD 1 81820 121265 78070 118453
ROAD 1 60310 113203 63796 116531
ROAD 1 63796 116531 68062 116859
ROAD 1 68062 116859 72187 115171
ROAD 1 72187 115171 75281 116437
ROAD 1 75281 116437 78070 118453
ROAD 2 66398 132849 66404 131818
ROAD 2 60600 120416 60600 120732
ROAD 2 60600 120319 60603 120005
ROAD 2 60600 120732 60632 122273
ROAD 2 60632 122273 62320 124429
ROAD 2 62320 124429 64007 125835
ROAD 2 66404 131818 66093 129164
ROAD 2 66093 129164 64007 125835
ROAD 2 59208 113894 60023 116765
ROAD 2 60023 116765 60603 120005
ROAD 1 91634 122314 91265 111984
ROAD 1 91265 111984 91875 108656
ROAD 1 91875 108656 91875 106031
ROAD 1 91875 106031 91921 101671
ROAD 1 91921 101671 91781 99890
ROAD 2 60380 103869 61593 103968
ROAD 2 61593 103968 62484 102750
ROAD 2 62484 102750 63421 102421
ROAD 2 63421 102421 66937 101953
ROAD 2 66937 101953 71484 98343
ROAD 2 71484 98343 75468 97078
ROAD 2 75468 97078 77765 97031
ROAD 2 78070 118453 80484 116062
ROAD 2 80484 116062 83343 114421
ROAD 2 83343 114421 83859 112546
ROAD 2 83859 112546 81000 108703
ROAD 2 81000 108703 78421 104203
ROAD 2 79166 96902 79488 96902
ROAD 2 79066 96902 78761 96902
ROAD 2 77663 102155 77917 102155
ROAD 2 77566 102155 77264 102149
ROAD 2 77917 102155 78257 102328
ROAD 2 78257 102328 78386 102750
ROAD 2 78386 102750 78421 104203
ROAD 2 77264 102149 76804 101917
ROAD 2 76804 101917 76582 101308
ROAD 2 76582 101308 76687 100558
ROAD 2 76687 100558 77226 99960
ROAD 2 77226 99960 77765 97031
ROAD 2 77765 97031 78761 96902
ROAD 1 91089 96486 90539 95906
ROAD 2 91001 97300 90117 97289
ROAD 2 94930 97353 95217 97350
ROAD 2 94836 97350 94517 97341
ROAD 2 92753 97699 93791 97634
ROAD 2 92660 98507 93263 99251
ROAD 1 92050 98742 92050 99164
ROAD 1 92050 99164 91781 99890
ROAD 2 93791 97634 94517 97341
ROAD 2 79488 96902 84046 96703
ROAD 2 84046 96703 90117 97289
ROAD 2 78319 74405 78005 74405
ROAD 2 78413 74402 78735 74402
ROAD 2 79655 74941 79066 74900
ROAD 1 80507 74589 80859 74068
ROAD 1 80850 76913 80856 77238
ROAD 1 80853 76819 80868 76523
ROAD 1 80188 75591 80226 76078
ROAD 2 80844 75055 81673 75079
ROAD 2 84000 73875 83343 74033
ROAD 2 84738 73875 85236 73875
ROAD 2 84398 73599 84416 73277
ROAD 2 84416 73277 84996 73007
ROAD 2 85816 73652 85488 73684
ROAD 2 85913 73652 86176 73646
ROAD 2 85488 73684 85236 73875
ROAD 2 78735 74402 79066 74900
ROAD 2 81673 75079 83343 74033
ROAD 1 80868 76523 80226 76078
ROAD 1 80856 77238 80578 79921
ROAD 1 80578 79921 80625 81703
ROAD 1 80625 81703 81703 83906
ROAD 1 81703 83906 82781 85453
ROAD 1 82781 85453 84890 89250
ROAD 1 84890 89250 90539 95906
ROAD 2 68850 81413 68850 81732
ROAD 2 68850 81319 68856 81011
ROAD 2 68856 81011 69187 79875
ROAD 2 69187 79875 70359 78468
ROAD 2 70359 78468 74671 75820
ROAD 2 78005 74405 77109 74507
ROAD 2 77109 74507 74671 75820
ROAD 2 44847 101742 45609 101015
ROAD 2 45609 101015 44531 99281
ROAD 2 44531 99281 44953 98578
ROAD 2 44953 98578 45421 98062
ROAD 2 45421 98062 45562 97359
ROAD 2 45562 97359 46453 96843
ROAD 2 46453 96843 47484 97218
ROAD 2 47484 97218 50296 97265
ROAD 2 50296 97265 53015 94687
ROAD 2 53015 94687 55125 92578
ROAD 2 68850 81732 67828 84046
ROAD 2 67828 84046 62671 87046
ROAD 2 62671 87046 56906 90656
ROAD 2 56906 90656 55125 92578
ROAD 1 42714 38926 49406 45890
ROAD 1 49406 45890 54000 52406
ROAD 1 64265 57234 62062 55593
ROAD 1 62062 55593 57656 55828
ROAD 1 57656 55828 54000 52406
ROAD 1 65062 60562 66000 63890
ROAD 1 65103 58822 65091 58502
ROAD 1 65100 58916 65100 59229
ROAD 1 65091 58502 64992 57773
ROAD 1 64992 57773 64265 57234
ROAD 1 80859 74068 81375 71953
ROAD 1 81375 71953 82171 71296
ROAD 1 82171 71296 82265 69843
ROAD 1 82265 69843 81468 68296
ROAD 1 81468 68296 81234 67335
ROAD 1 81234 67335 80437 66281
ROAD 1 80437 66281 78656 65929
ROAD 1 78656 65929 76921 67054
ROAD 1 76921 67054 75750 68343
ROAD 1 75750 68343 73617 67617
ROAD 1 73617 67617 72562 65625
ROAD 1 72562 65625 70171 65835
ROAD 1 70171 65835 67312 65812
ROAD 1 67312 65812 66000 63890
ROAD 1 74794 40248 74830 40875
ROAD 1 91652 57339 91652 57023
ROAD 1 91652 57430 91652 57723
ROAD 1 91839 58233 91643 58019
ROAD 1 91643 58019 91652 57723
ROAD 2 91086 61353 90773 61350
ROAD 2 91180 61353 91467 61350
ROAD 2 92191 59835 92185 60550
ROAD 2 92185 60550 92033 60884
ROAD 2 91467 61350 91781 61212
ROAD 2 91781 61212 92033 60884
ROAD 1 92660 59507 93187 59818
ROAD 2 89850 66319 89853 66043
ROAD 2 89847 66413 89850 66717
ROAD 2 84996 73007 86390 71039
ROAD 2 86390 71039 87796 69140
ROAD 2 87796 69140 89554 67500
ROAD 2 89554 67500 89850 66717
ROAD 2 90773 61350 90375 61570
ROAD 2 90375 61570 90046 62226
ROAD 2 90046 62226 89853 66043
ROAD 1 99319 62402 99017 62396
ROAD 1 99413 62402 99723 62405
ROAD 1 103089 63492 102492 63269
ROAD 1 104091 63802 104607 63796
ROAD 2 101402 72336 101408 72023
ROAD 2 101399 72433 101399 72732
ROAD 2 103508 72377 103324 72372
ROAD 2 104220 72375 104373 72377
ROAD 1 115347 73819 115359 73567
ROAD 1 115347 73913 115347 74223
ROAD 1 114943 75246 115007 74935
ROAD 1 115910 76007 116285 76394
ROAD 2 114492 76160 114128 76546
ROAD 2 111413 75902 111706 75905
ROAD 2 111319 75902 110991 75911
ROAD 2 114128 76546 113179 76687
ROAD 2 113179 76687 112500 76218
ROAD 2 112500 76218 111706 75905
ROAD 1 115007 74935 115347 74223
ROAD 1 99723 62405 102492 63269
ROAD 1 99017 62396 98554 62179
ROAD 1 98554 62179 98156 61312
ROAD 1 98156 61312 96515 60539
ROAD 1 96515 60539 93187 59818
ROAD 1 74830 40875 77718 47179
ROAD 1 77718 47179 83718 50695
ROAD 1 91652 57023 91242 56203
ROAD 1 91242 56203 83718 50695
ROAD 2 86176 73646 87539 73640
ROAD 2 87539 73640 89460 72632
ROAD 2 89460 72632 93187 72468
ROAD 2 101399 72732 101015 73195
ROAD 2 101015 73195 99726 73218
ROAD 2 99726 73218 93187 72468
ROAD 2 101408 72023 101695 71601
ROAD 2 101695 71601 102515 71390
ROAD 2 102515 71390 103078 71789
ROAD 2 103078 71789 103324 72372
ROAD 2 104373 72377 105703 73125
ROAD 2 105703 73125 109218 75375
ROAD 2 109218 75375 110991 75911
ROAD 1 104607 63796 109476 64312
ROAD 1 109476 64312 111796 66281
ROAD 1 111796 66281 114257 69398
ROAD 1 115359 73567 115101 71320
ROAD 1 115101 71320 114257 69398
ROAD 2 103447 64341 103763 65050
ROAD 2 103898 72102 103904 71343
ROAD 2 103763 65050 103828 67171
ROAD 2 103828 67171 103898 69234
ROAD 2 103898 69234 103904 71343
ROAD 2 109166 86402 109467 86393
ROAD 2 109069 86402 108776 86408
ROAD 2 115303 76253 115300 76804
ROAD 2 115300 76804 114609 80531
ROAD 2 114609 80531 114492 82265
ROAD 2 114492 82265 113859 82992
ROAD 2 113859 82992 112289 84609
ROAD 2 112289 84609 110625 86179
ROAD 2 110625 86179 109467 86393
ROAD 2 108776 86408 106968 86273
ROAD 2 106968 86273 105726 86742
ROAD 2 105726 86742 103992 88054
ROAD 2 103992 88054 102656 89882
ROAD 2 95217 97350 95976 97078
ROAD 2 95976 97078 96539 95671
ROAD 2 96539 95671 97804 93328
ROAD 2 97804 93328 99867 90820
ROAD 2 99867 90820 102656 89882
ROAD 2 115757 75339 115974 74912
ROAD 2 115974 74912 116912 74390
ROAD 2 136066 57155 135773 57149
ROAD 2 136163 57155 136482 57149
ROAD 2 138099 56601 137789 56604
ROAD 2 138375 56258 138363 55986
ROAD 2 138372 56985 138380 57363
ROAD 2 136353 40822 136344 40535
ROAD 2 136350 40913 136350 41232
ROAD 2 129902 28406 132421 34570
ROAD 2 136344 40535 132421 34570
ROAD 2 136350 41232 136359 44648
ROAD 2 136359 44648 135914 46664
ROAD 2 135914 46664 136312 47367
ROAD 2 136312 47367 137179 48351
ROAD 2 138363 55986 138070 52992
ROAD 2 138070 52992 137554 51585
ROAD 2 137554 51585 137179 48351
ROAD 2 137789 56604 136482 57149
ROAD 2 135773 57149 130570 59718
ROAD 1 164912 82921 164997 82921
ROAD 1 164402 82924 164261 82924
ROAD 1 164159 82913 164261 82924
ROAD 2 162949 82001 162972 81568
ROAD 1 162251 83044 161554 83009
ROAD 1 162492 84404 162240 84726
ROAD 1 163300 84498 163306 84966
ROAD 1 163306 84966 164103 86044
ROAD 1 167402 89671 167206 89671
ROAD 1 167909 89671 168123 89674
ROAD 2 121350 72319 121359 72000
ROAD 2 121350 72413 121338 72735
ROAD 2 130570 59718 123187 64781
ROAD 2 123187 64781 121664 69515
ROAD 2 121664 69515 121359 72000
ROAD 2 121338 72735 120937 73617
ROAD 2 120937 73617 116912 74390
ROAD 1 161554 83009 160218 81187
ROAD 1 160218 81187 157921 80671
ROAD 1 116285 76394 117937 78656
ROAD 1 117937 78656 124453 79921
ROAD 1 124453 79921 137343 80296
ROAD 1 157921 80671 155484 80203
ROAD 1 155484 80203 153281 81562
ROAD 1 153281 81562 149203 83203
ROAD 1 149203 83203 146625 84093
ROAD 1 146625 84093 144515 83343
ROAD 1 144515 83343 143625 82546
ROAD 1 143625 82546 142593 81843
ROAD 1 142593 81843 137343 80296
ROAD 2 162972 81568 161437 75187
ROAD 2 161437 75187 160265 71625
ROAD 2 160265 71625 154500 68109
ROAD 2 154500 68109 149625 67687
ROAD 2 149625 67687 144421 64031
ROAD 2 144421 64031 140953 60468
ROAD 2 140953 60468 138796 58828
ROAD 2 138796 58828 138380 57363
ROAD 1 164997 82921 167390 82300
ROAD 1 167206 89671 166441 89238
ROAD 1 166441 89238 164103 86044
ROAD 1 168123 89674 168773 90199
ROAD 1 168773 90199 169546 90808
ROAD 1 169546 90808 170414 91394
ROAD 1 184163 76652 184456 76652
ROAD 1 184069 76652 183911 76652
ROAD 1 183911 76652 183834 76708
ROAD 1 183834 76708 183820 76795
ROAD 1 183820 76795 183735 76875
ROAD 1 183011 76872 182821 76872
ROAD 1 183351 77150 183351 77709
ROAD 1 182507 81339 182859 80742
ROAD 1 182660 82001 183246 82933
ROAD 2 181652 81697 181236 81703
ROAD 1 183600 83569 183597 83293
ROAD 1 183597 83666 183612 83909
ROAD 1 183943 84996 183943 84644
ROAD 1 183943 84644 183612 83909
ROAD 1 182683 88350 182941 88350
ROAD 1 182583 88350 182282 88350
ROAD 1 182941 88350 183275 88171
ROAD 1 183275 88171 183462 87591
ROAD 1 183486 86654 183462 87591
ROAD 1 175069 90905 174767 90905
ROAD 1 175163 90902 175461 90899
ROAD 1 174767 90905 173882 91101
ROAD 1 170414 91394 173882 91101
ROAD 1 191976 94757 183914 95062
ROAD 1 183914 95062 182835 93703
ROAD 1 182835 93703 181335 92109
ROAD 1 175461 90899 178125 90960
ROAD 1 178125 90960 181078 91125
ROAD 1 181078 91125 181687 89062
ROAD 1 181687 89062 182282 88350
ROAD 1 181335 92109 181078 91125
ROAD 1 183597 83293 183246 82933
ROAD 1 182859 80742 183210 79078
ROAD 1 183210 79078 183351 77709
ROAD 1 184456 76652 185273 75937
ROAD 1 185273 75937 185625 74179
ROAD 1 185625 74179 187218 72679
ROAD 1 187218 72679 188250 71765
ROAD 1 188250 71765 189000 72375
ROAD 1 189000 72375 191953 72375
ROAD 1 167390 82300 168000 81515
ROAD 1 168000 81515 168421 79312
ROAD 1 168421 79312 169218 78796
ROAD 1 169218 78796 175265 79054
ROAD 1 175265 79054 176273 78726
ROAD 1 176273 78726 175921 77460
ROAD 1 175921 77460 175781 76453
ROAD 1 175781 76453 174937 75375
ROAD 1 174937 75375 174843 74718
ROAD 1 174843 74718 175757 74531
ROAD 1 175757 74531 178054 74390
ROAD 1 178054 74390 182821 76872
ROAD 2 168000 81515 169312 82078
ROAD 2 169312 82078 172101 83953
ROAD 2 172101 83953 174164 85851
ROAD 2 174164 85851 175335 85921
ROAD 2 175335 85921 177140 84492
ROAD 2 177140 84492 177867 84117
ROAD 2 177867 84117 179320 83695
ROAD 2 179320 83695 180468 82406
ROAD 2 180468 82406 181236 81703
ROAD 1 162240 84726 159656 90281
ROAD 1 159656 90281 157968 91781
ROAD 1 157968 91781 157828 92906
ROAD 1 157828 92906 157500 93375
ROAD 1 157500 93375 156843 94218
ROAD 1 156843 94218 156281 95296
ROAD 1 156281 95296 156046 96046
ROAD 1 156046 96046 154734 97171
ROAD 1 154734 97171 154359 99703
ROAD 1 154359 99703 149953 102890
ROAD 2 164062 107015 163828 104250
ROAD 2 163828 104250 163171 103406
ROAD 2 163171 103406 162984 102656
ROAD 2 162984 102656 161625 101156
ROAD 2 161625 101156 161625 98531
ROAD 2 161625 98531 161296 97828
ROAD 2 161296 97828 159937 96609
ROAD 2 159937 96609 158953 95625
ROAD 2 158953 95625 158250 95578
ROAD 2 158250 95578 157406 94828
ROAD 2 157406 94828 156843 94218
ROAD 2 156843 94218 155812 93937
ROAD 2 155812 93937 155250 93421
ROAD 2 155250 93421 153140 93375
ROAD 2 153140 93375 152203 94078
ROAD 2 152203 94078 148500 94125
ROAD 2 148500 94125 147421 92062
ROAD 2 147421 92062 147093 90515
ROAD 2 147093 90515 147843 90328
ROAD 2 147843 90328 148453 90234
ROAD 2 148453 90234 148968 89812
ROAD 2 148968 89812 148640 89015
ROAD 2 148640 89015 147515 87796
ROAD 2 147515 87796 147140 86812
ROAD 2 147140 86812 147796 86531
ROAD 2 147796 86531 148312 85781
ROAD 2 148312 85781 147515 84656
ROAD 2 147515 84656 146625 84093
ROAD 1 93603 122326 95718 120468
ROAD 1 95718 120468 97497 120149
ROAD 1 112836 116853 112505 116853
ROAD 1 112930 116853 113261 116850
ROAD 1 113261 116850 113639 116622
ROAD 1 113639 116622 113739 115913
ROAD 1 115160 115757 115781 116039
ROAD 1 98229 120149 102421 118875
ROAD 1 102421 118875 107906 117984
ROAD 1 107906 117984 112505 116853
ROAD 1 115781 116039 118125 115875
ROAD 1 118125 115875 120843 114703
ROAD 1 120843 114703 125296 112921
ROAD 1 125296 112921 130218 112500
ROAD 1 130218 112500 134203 110531
ROAD 1 134203 110531 138984 108515
ROAD 1 138984 108515 140906 105328
ROAD 1 140906 105328 149953 102890
ROAD 2 100836 107103 100517 107103
ROAD 2 100930 107097 101223 107100
ROAD 2 113850 114319 113856 114014
ROAD 2 114193 114993 114196 114785
ROAD 2 114196 114785 114070 114653
ROAD 2 113850 114416 113850 114559
ROAD 2 113850 114559 113912 114644
ROAD 2 113912 114644 114070 114653
ROAD 1 114550 116003 114533 116355
ROAD 1 114533 116355 115031 116929
ROAD 2 113856 114014 113367 112945
ROAD 2 113367 112945 111960 112031
ROAD 2 111960 112031 108609 110507
ROAD 2 108609 110507 106593 109804
ROAD 2 106593 109804 104765 109664
ROAD 2 104765 109664 102843 108140
ROAD 2 101223 107100 102843 108140
ROAD 2 100517 107103 99304 106710
ROAD 2 99304 106710 94804 102210
ROAD 2 94804 102210 93263 99251
ROAD 2 93105 130453 93515 133171
ROAD 2 93515 133171 92250 136875
ROAD 2 92250 136875 92390 138843
ROAD 2 92390 138843 96984 140625
ROAD 2 96984 140625 97781 143859
ROAD 2 97781 143859 94546 148031
ROAD 2 94546 148031 94125 153937
ROAD 2 94125 153937 94171 157921
ROAD 2 94171 157921 93234 158718
ROAD 2 93234 158718 91031 158859
ROAD 2 91031 158859 89203 161953
ROAD 2 89203 161953 88640 166265
ROAD 2 88640 166265 86484 166078
ROAD 2 86484 166078 84796 165187
ROAD 2 84796 165187 82687 165421
ROAD 2 82687 165421 79171 165984
ROAD 2 79171 165984 75890 167156
ROAD 2 75890 167156 73265 167484
ROAD 2 73265 167484 69890 167015
ROAD 2 69890 167015 68671 168445
ROAD 2 88640 166265 90140 167250
ROAD 2 90140 167250 92671 168093
ROAD 2 92671 168093 95250 167953
ROAD 2 95250 167953 100312 172078
ROAD 2 100312 172078 104296 173437
ROAD 2 104296 173437 107062 172875
ROAD 2 107062 172875 107718 171421
ROAD 2 107718 171421 109500 170484
ROAD 2 111017 164619 110812 164619
ROAD 2 110812 164619 110601 164835
ROAD 2 111738 164613 112154 164607
ROAD 2 109500 170484 110226 169710
ROAD 2 110226 169710 110601 164835
ROAD 2 112154 164607 117046 163406
ROAD 2 117046 163406 122296 163734
ROAD 1 123750 183562 124031 180281
ROAD 1 124031 180281 125718 177000
ROAD 1 125718 177000 127171 175078
ROAD 1 127171 175078 128906 172593
ROAD 1 128906 172593 132328 170718
ROAD 1 132328 170718 133968 168937
ROAD 1 133968 168937 134343 167531
ROAD 1 123597 185566 123609 185261
ROAD 1 123609 185261 123750 183562
ROAD 1 123597 185671 123585 185953
ROAD 1 123585 185953 122554 187441
ROAD 2 123316 163652 123035 163649
ROAD 2 123413 163652 123703 163655
ROAD 2 122296 163734 123035 163649
ROAD 2 123703 163655 124968 163289
ROAD 2 124968 163289 126328 164648
ROAD 2 126328 164648 127171 166031
ROAD 1 134343 167531 134777 166599
ROAD 1 134777 166599 134806 166253
ROAD 1 136166 164402 136356 164402
ROAD 1 136066 164402 135793 164402
ROAD 1 136356 164402 136584 164211
ROAD 1 135260 164586 135448 164422
ROAD 1 135448 164422 135793 164402
ROAD 2 133839 164736 133330 164583
ROAD 2 127171 166031 128191 166277
ROAD 2 128191 166277 129738 166675
ROAD 2 129738 166675 131824 166371
ROAD 2 131824 166371 133330 164583
ROAD 1 136069 165905 135843 165902
ROAD 1 135843 165902 135609 166148
ROAD 1 135609 166148 135410 166016
ROAD 1 136166 165905 136470 165911
ROAD 1 142913 171905 143229 171911
ROAD 1 142816 171902 142502 171902
ROAD 1 122554 187441 124125 191882
ROAD 1 109819 135152 109514 135149
ROAD 1 109916 135155 110235 135155
ROAD 1 111761 136130 111509 136130
ROAD 1 112482 136130 112810 136130
ROAD 1 101970 126902 102539 127101
ROAD 1 102539 127101 103921 128695
ROAD 1 103921 128695 104812 130125
ROAD 1 104812 130125 105726 131320
ROAD 1 105726 131320 106218 132515
ROAD 1 106218 132515 106945 133664
ROAD 1 106945 133664 109514 135149
ROAD 1 111509 136130 110976 135867
ROAD 1 110235 135155 110601 135375
ROAD 1 110601 135375 110976 135867
ROAD 1 112810 136130 114890 136687
ROAD 1 114890 136687 117234 136687
ROAD 1 117234 136687 118218 136078
ROAD 1 118218 136078 120656 137296
ROAD 1 120656 137296 123000 139828
ROAD 1 123000 139828 124171 141890
ROAD 1 124171 141890 125109 143343
ROAD 1 125109 143343 126796 143812
ROAD 1 126796 143812 129328 144046
ROAD 1 129328 144046 131156 145500
ROAD 1 135046 149015 133734 147328
ROAD 1 133734 147328 132140 146578
ROAD 1 132140 146578 131156 145500
ROAD 1 135046 149015 135375 150796
ROAD 1 135375 150796 135562 153281
ROAD 1 135562 153281 135468 155859
ROAD 1 136066 157652 135758 157649
ROAD 1 136163 157655 136500 157655
ROAD 1 136500 157655 136839 157986
ROAD 1 137399 162433 137402 162741
ROAD 1 137405 162336 137399 162002
ROAD 1 137191 160350 137194 160640
ROAD 1 137194 160640 137399 162002
ROAD 1 137402 162741 137138 163283
ROAD 1 137138 163283 136584 164211
ROAD 1 135758 157649 135304 157406
ROAD 1 135304 157406 135117 156703
ROAD 1 135117 156703 135468 155859
ROAD 1 142502 171902 141773 171375
ROAD 1 141773 171375 140671 170343
ROAD 1 140671 170343 139851 168843
ROAD 1 139851 168843 138890 167789
ROAD 1 138890 167789 137953 166546
ROAD 1 137953 166546 136470 165911
ROAD 1 143229 171911 143859 172734
ROAD 1 143859 172734 144703 172875
ROAD 1 144703 172875 145828 174023
ROAD 1 145828 174023 145968 175992
ROAD 1 145968 175992 147164 176859
ROAD 1 147164 176859 148734 176390
ROAD 1 148734 176390 150140 175007
ROAD 1 150140 175007 152789 175335
ROAD 1 191906 167156 181312 169406
ROAD 1 180234 169968 180000 173343
ROAD 1 179203 174515 172406 174328
ROAD 1 171750 174281 171375 174421
ROAD 1 171375 174421 169734 178125
ROAD 1 169734 178125 168984 178781
ROAD 1 161666 177152 161991 177155
ROAD 1 161569 177155 161258 177155
ROAD 1 167255 178875 167053 178813
ROAD 1 167053 178813 166511 178151
ROAD 1 167988 178875 168984 178781
ROAD 1 166511 178151 165773 177375
ROAD 1 165773 177375 161991 177155
ROAD 1 154066 176402 153764 176402
ROAD 1 154163 176402 154464 176402
ROAD 1 154464 176402 157804 176835
ROAD 1 157804 176835 161258 177155
ROAD 1 153764 176402 153328 176132
ROAD 1 153328 176132 152789 175335
ROAD 1 135319 147902 135038 147890
ROAD 1 135413 147902 135688 147908
ROAD 1 133734 147328 135038 147890
ROAD 1 157781 137671 156046 142218
ROAD 1 156046 142218 152718 144890
ROAD 1 152718 144890 149578 145687
ROAD 1 149578 145687 147890 147328
ROAD 1 147890 147328 145921 147750
ROAD 1 145921 147750 142500 147375
ROAD 1 142500 147375 135688 147908
ROAD 1 190347 139081 190491 139081
ROAD 1 189840 139081 189594 139081
ROAD 1 190491 139081 191976 139171
ROAD 1 189594 139081 184054 136875
ROAD 1 184054 136875 162000 136312
ROAD 1 153750 130031 149250 131718
ROAD 1 149250 131718 144562 130968
ROAD 1 144562 130968 134625 125062
ROAD 1 134625 125062 124875 122437
ROAD 1 124875 122437 122437 118687
ROAD 1 122437 118687 119156 117937
ROAD 1 119156 117937 115031 116929
ROAD 2 164062 107015 162281 112593
ROAD 2 162281 112593 161812 117843
ROAD 2 161812 117843 160875 118968
ROAD 2 155859 128812 157546 123703
ROAD 2 157546 123703 159093 121781
ROAD 2 159093 121781 159093 119718
ROAD 2 159093 119718 160875 118968
ROAD 1 155255 130880 154816 130880
ROAD 1 155976 130875 156281 130886
ROAD 2 155648 130599 155742 130048
ROAD 1 157986 136154 157781 136476
ROAD 1 159410 136007 159744 136335
ROAD 1 157833 134736 157230 134091
ROAD 1 157781 136476 157781 137671
ROAD 1 159744 136335 162000 136312
ROAD 1 156281 130886 156644 131507
ROAD 1 156644 131507 157230 134091
ROAD 2 155742 130048 155859 128812
ROAD 1 153750 130031 154816 130880
TOWN 2 2625 161625
TOWN 1 92250 58875
TOWN 1 74671 39328
TOWN 2 172218 174281
TOWN 5 34500 86296
TOWN 5 35238 83261
TOWN 1 11625 10171
TOWN 1 16078 18375
TOWN 4 21375 20625
TOWN 1 65625 11250
TOWN 2 97875 5578
TOWN 2 115125 13875
TOWN 1 170062 17062
TOWN 1 129468 26671
TOWN 4 131625 28875
TOWN 2 106898 32601
TOWN 1 104625 32273
TOWN 4 103125 30375
TOWN 2 42375 37875
TOWN 2 16125 43125
TOWN 2 19875 63375
TOWN 1 21000 61125
TOWN 2 37125 55125
TOWN 2 103500 63796
TOWN 2 138328 56625
TOWN 4 185625 87375
TOWN 1 184125 85921
TOWN 2 182250 81750
TOWN 2 183375 76921
TOWN 1 163078 83296
TOWN 1 115125 75796
TOWN 2 103921 72328
TOWN 2 84375 73875
TOWN 2 80250 75000
TOWN 1 32625 85078
TOWN 4 33375 88125
TOWN 4 36375 85125
TOWN 2 28125 82875
TOWN 1 26625 89671
TOWN 1 35625 94125
TOWN 1 13546 82875
TOWN 1 7875 74296
TOWN 2 13078 111328
TOWN 2 49781 105375
TOWN 1 43218 104484
TOWN 2 59250 112593
TOWN 1 91875 97500
TOWN 1 114468 115593
TOWN 1 158625 135375
TOWN 2 155625 130828
TOWN 1 99375 127171
TOWN 2 66328 133125
TOWN 1 45328 123750
TOWN 1 19500 136171
TOWN 1 796 163171
TOWN 2 63328 163828
TOWN 1 60375 160546
TOWN 2 111328 164671
TOWN 1 134671 165421
TOWN 1 180000 174375
TOWN 1 180375 169546
TOWN 2 167625 178875
TOWN 1 3000 179718
TOWN 1 79476 189023
TOWN 5 12750 11250
TOWN 5 17250 18000
TOWN 5 18750 21750
TOWN 5 24750 18000
TOWN 5 24000 6750
TOWN 5 29250 8250
TOWN 5 56250 15750
TOWN 5 66000 9750
TOWN 5 79500 3750
TOWN 5 99000 6703
TOWN 5 97500 19500
TOWN 5 115500 12750
TOWN 5 168000 13500
TOWN 5 172500 17250
TOWN 5 174000 20250
TOWN 5 129000 28500
TOWN 5 132750 29250
TOWN 5 130500 25500
TOWN 5 103500 29250
TOWN 5 107250 32250
TOWN 5 105000 33750
TOWN 5 76500 42000
TOWN 5 72000 37500
TOWN 5 39000 33750
TOWN 5 34500 40500
TOWN 5 20250 42750
TOWN 5 24000 60000
TOWN 5 18000 66000
TOWN 5 18750 57750
TOWN 5 48000 58500
TOWN 5 95250 58500
TOWN 5 88500 58500
TOWN 5 111750 62250
TOWN 5 132750 57000
TOWN 5 138750 56250
TOWN 5 177750 75750
TOWN 5 189000 84750
TOWN 5 179250 81750
TOWN 5 160500 82500
TOWN 5 136500 87000
TOWN 5 117750 78000
TOWN 5 113250 75750
TOWN 5 102000 75750
TOWN 5 87750 74250
TOWN 5 79500 72000
TOWN 5 27750 87750
TOWN 5 30000 82500
TOWN 5 9000 73500
TOWN 5 6750 77250
TOWN 5 12000 78750
TOWN 5 14250 84750
TOWN 5 13500 107250
TOWN 5 43500 103500
TOWN 5 42000 99000
TOWN 5 38250 101250
TOWN 5 36750 93750
TOWN 5 50250 105750
TOWN 5 62250 105000
TOWN 5 60000 112500
TOWN 5 90750 99000
TOWN 5 92250 95953
TOWN 5 102000 95250
TOWN 5 163500 114750
TOWN 5 152250 137250
TOWN 5 158250 134250
TOWN 5 153750 131250
TOWN 5 143250 135750
TOWN 5 147000 129000
TOWN 5 120000 115500
TOWN 5 115500 112500
TOWN 5 113250 135750
TOWN 5 101250 125250
TOWN 5 96750 132750
TOWN 5 84750 125250
TOWN 5 75000 127500
TOWN 5 69000 129750
TOWN 5 57000 124500
TOWN 5 45750 122296
TOWN 5 18000 135046
TOWN 5 52500 150000
TOWN 5 63000 154500
TOWN 5 63000 158250
TOWN 5 66000 161250
TOWN 5 81750 156046
TOWN 5 97500 155296
TOWN 5 130500 151546
TOWN 5 132000 156000
TOWN 5 142500 147000
TOWN 5 186750 171000
TOWN 5 180750 174000
TOWN 5 172500 170250
TOWN 5 173250 177046
TOWN 5 168750 177750
TOWN 5 141750 166500
TOWN 5 130500 165000
TOWN 5 117000 171000
TOWN 5 109500 162796
TOWN 5 71250 177750
TOWN 5 4500 177046
TOWN 5 183750 84000
TOWN 4 182625 84375
TOWN 3 156867 94265
TOWN 5 156750 95273
TOWN 5 92250 122250
TOWN 1 90773 124898
TOWN 1 137250 159023
TOWN 4 136875 157125
TOWN 5 138750 157523
TOWN 5 138750 159773
TOWN 5 111750 24046
TOWN 4 92578 127828
TOWN 3 110648 25476
TOWN 3 102539 33492
TOWN 3 30407 84418
TOWN 2 29636 10886
TOWN 3 67517 12867
TOWN 3 75697 24005
TOWN 3 103224 30858
TOWN 1 42005 100880
TOWN 3 44460 104472
TOWN 1 44250 138000
TOWN 2 59625 103875
TOWN 3 78046 118406
TOWN 3 77765 97031
TOWN 3 109453 64312
TOWN 3 181054 91148
TOWN 3 183609 83273
TOWN 3 183234 82921
TOWN 3 168000 81515
TOWN 3 146671 84046
TOWN 3 88687 166312
TOWN 3 68625 168468
TOWN 3 107718 171375
TOWN 2 112125 136107
