ROAD 1 52875 156750 52382 155507
ROAD 1 52382 155507 49781 154453
ROAD 1 49781 154453 47601 153750
ROAD 1 47625 153000 46687 149296
ROAD 1 51761 161484 52933 159468
ROAD 1 52863 157476 52933 159468
ROAD 1 131601 67476 131601 69656
ROAD 1 131601 69656 132351 70523
ROAD 1 132351 70523 132351 72398
ROAD 1 132351 72398 133054 74039
ROAD 1 133054 74039 133148 75703
ROAD 1 133148 75703 135000 77625
ROAD 1 141000 79125 142406 78304
ROAD 1 148500 74601 146906 75445
ROAD 1 146906 75445 145406 76828
ROAD 1 145406 76828 144000 76968
ROAD 1 144000 76968 142406 78304
ROAD 1 140296 79078 138328 79875
ROAD 1 138328 79875 136968 79640
ROAD 1 136968 79640 136734 78468
ROAD 1 136734 78468 135750 77671
ROAD 1 135750 77671 135000 77625
ROAD 1 159156 75692 158698 75694
ROAD 1 158698 75694 149601 74613
ROAD 1 149255 74622 149501 74622
ROAD 1 149501 74622 149601 74613
ROAD 1 160541 80075 160541 80245
ROAD 1 160541 80245 160851 83625
ROAD 1 160875 84000 160883 83753
ROAD 1 160883 83753 160851 83625
ROAD 1 160872 84741 160872 85482
ROAD 1 160872 85482 161906 87890
ROAD 1 161906 87890 161859 92531
ROAD 1 161859 92531 160875 96281
ROAD 1 160649 97086 160652 96955
ROAD 1 160652 96955 160875 96281
ROAD 1 160649 97177 160649 97476
ROAD 1 160649 97476 157078 107296
ROAD 1 157125 107994 157125 107736
ROAD 1 157125 107736 157078 107296
ROAD 1 157415 108348 157722 108348
ROAD 1 157722 108348 163256 108890
ROAD 1 163819 108905 163517 108905
ROAD 1 163517 108905 163256 108890
ROAD 1 163913 108902 164235 108902
ROAD 1 164235 108902 169265 109218
ROAD 1 169836 109350 169513 109350
ROAD 1 169929 109349 170236 109349
ROAD 1 169513 109350 169265 109218
ROAD 1 170236 109349 172148 109664
ROAD 1 172148 109664 174375 111328
ROAD 1 172148 109664 175921 99585
ROAD 1 174372 111752 174375 111395
ROAD 1 174375 111395 174375 111328
ROAD 1 175875 98991 175875 99448
ROAD 1 175875 99448 175921 99585
ROAD 1 178836 98100 178508 98100
ROAD 1 178929 98099 179238 98099
ROAD 1 184125 93744 184125 94362
ROAD 1 184125 94362 182507 97968
ROAD 1 182507 97968 179238 98099
ROAD 1 178508 98100 176578 98531
ROAD 1 176173 98604 176329 98604
ROAD 1 176329 98604 176578 98531
ROAD 1 182507 97968 189187 106500
ROAD 1 174372 112497 174372 113129
ROAD 1 184872 115497 184869 116220
ROAD 1 184869 116220 181265 117046
ROAD 1 181265 117046 176765 115968
ROAD 1 176765 115968 174372 113129
ROAD 1 189837 106804 189583 106804
ROAD 1 189583 106804 189187 106500
ROAD 1 161815 75553 161989 75553
ROAD 1 161989 75553 164097 74900
ROAD 1 170542 74044 165234 74818
ROAD 1 164585 74852 164279 74852
ROAD 1 164279 74852 164097 74900
ROAD 1 164679 74849 164963 74849
ROAD 1 164963 74849 165234 74818
ROAD 1 170625 73497 170627 73945
ROAD 1 170627 73945 170542 74044
ROAD 1 159752 79426 159134 79426
ROAD 1 159134 79426 151218 85804
ROAD 1 151218 85804 148406 89039
ROAD 1 148406 89039 134953 95437
ROAD 1 134953 95437 134437 96937
ROAD 1 134305 97666 134311 97426
ROAD 1 134311 97426 134437 96937
ROAD 1 133444 99594 133442 99747
ROAD 1 133442 99747 132210 103851
ROAD 1 132210 103851 132046 106921
ROAD 1 132046 106921 130992 107648
ROAD 1 130875 108000 130875 107827
ROAD 1 130875 107827 130992 107648
ROAD 1 130875 108747 130875 109291
ROAD 1 130875 109291 130256 109743
ROAD 1 130125 110247 130130 109948
ROAD 1 130130 109948 130256 109743
ROAD 1 129372 111747 129377 111445
ROAD 1 130125 110994 130125 111205
ROAD 1 130125 111205 129377 111445
ROAD 1 165234 74818 166265 70007
ROAD 1 166265 70007 165421 63468
ROAD 1 165600 62663 165600 62973
ROAD 1 165597 62572 165600 62270
ROAD 1 165600 62270 165747 61441
ROAD 1 165747 61441 167560 57541
ROAD 1 167625 57000 167627 57278
ROAD 1 167627 57278 167560 57541
ROAD 1 165600 62973 165421 63468
ROAD 1 165600 62270 163664 61757
ROAD 1 163664 61757 160722 62050
ROAD 1 160722 62050 156011 63093
ROAD 1 155664 63149 155991 63149
ROAD 1 155570 63149 155258 63149
ROAD 1 155991 63149 156011 63093
ROAD 1 155258 63149 151500 62613
ROAD 1 151125 63000 151130 62745
ROAD 1 150591 62308 150890 62308
ROAD 1 150890 62308 151500 62613
ROAD 1 151130 62745 151500 62613
ROAD 2 132210 103851 127593 101906
ROAD 2 127593 101906 121875 102046
ROAD 2 121875 102046 114796 100593
ROAD 2 114600 100160 114594 100479
ROAD 2 114594 100479 114796 100593
ROAD 2 114600 100072 114597 99896
ROAD 2 114369 99741 114366 99890
ROAD 2 114366 99890 114597 99896
ROAD 1 156057 177162 156060 176928
ROAD 1 156060 176928 159750 175593
ROAD 1 159750 175593 160289 175054
ROAD 1 160350 174413 160349 174736
ROAD 1 160349 174322 160350 174016
ROAD 1 160350 174016 160139 167765
ROAD 1 160125 167244 160125 167604
ROAD 1 160125 167604 160139 167765
ROAD 1 160349 174736 160289 175054
ROAD 1 159375 160494 159377 160719
ROAD 1 159377 160719 160127 166013
ROAD 1 160125 166500 160133 166189
ROAD 1 160133 166189 160127 166013
ROAD 1 153908 177694 153597 177697
ROAD 1 153597 177697 148687 177281
ROAD 1 134100 177411 134100 177738
ROAD 1 134100 177320 134102 177010
ROAD 1 147410 177152 147742 177152
ROAD 1 147322 177150 147010 177150
ROAD 1 147742 177152 148687 177281
ROAD 1 147010 177150 135972 178898
ROAD 1 135972 178898 134156 178980
ROAD 1 134156 178980 134100 177738
ROAD 1 122578 183562 134156 178980
ROAD 1 134102 177010 133945 176367
ROAD 1 133945 176367 131414 175078
ROAD 1 131414 175078 126445 172218
ROAD 1 126445 172218 126257 169429
ROAD 1 126193 168555 126193 168834
ROAD 1 126193 168834 126257 169429
ROAD 1 121875 184500 121877 184040
ROAD 1 121877 184040 122578 183562
ROAD 1 29625 43497 29625 44182
ROAD 1 29625 44182 27609 48562
ROAD 1 27609 48562 23578 49687
ROAD 1 23578 49687 19968 50156
ROAD 1 19968 50156 16781 49078
ROAD 1 19968 50156 23531 54093
ROAD 1 23531 54093 29625 56765
ROAD 1 16869 47994 16857 48439
ROAD 1 16857 48439 16781 49078
ROAD 1 30812 56550 30665 56551
ROAD 1 30665 56551 29625 56765
ROAD 1 185885 39099 185885 38844
ROAD 1 185885 38844 184781 32789
ROAD 1 184781 32789 180914 19171
ROAD 1 180914 19171 181031 17859
ROAD 1 181441 17097 181441 17242
ROAD 1 181441 17242 181031 17859
ROAD 1 122099 27808 122469 27808
ROAD 1 122469 27808 128929 32695
ROAD 1 128929 32695 133312 33585
ROAD 1 133312 33585 135093 33937
ROAD 1 135377 34497 135377 34192
ROAD 1 135377 34192 135093 33937
ROAD 1 135372 35241 135372 35545
ROAD 1 135372 35545 135984 40734
ROAD 1 135984 40734 141562 43078
ROAD 1 142671 43543 142420 43543
ROAD 1 142420 43543 141562 43078
ROAD 1 139877 50247 139883 49828
ROAD 1 139883 49828 140507 47648
ROAD 1 140507 47648 141914 45562
ROAD 1 142598 45114 142353 45114
ROAD 1 142353 45114 141914 45562
ROAD 1 139875 50997 139877 51357
ROAD 1 139877 51357 136119 52154
ROAD 1 135673 52101 135922 52101
ROAD 1 135922 52101 136119 52154
ROAD 1 131318 67053 131153 67054
ROAD 1 131153 67054 130500 67042
ROAD 1 130500 67042 128929 65636
ROAD 1 128929 65636 127992 65601
ROAD 1 127872 65250 127872 65589
ROAD 1 127872 65589 127992 65601
ROAD 1 127875 64502 127883 63919
ROAD 1 127883 63919 127883 62680
ROAD 1 127883 62680 127429 60351
ROAD 1 127429 60351 126632 59156
ROAD 1 126632 59156 126562 55007
ROAD 1 126562 55007 129093 54046
ROAD 1 135096 52057 134789 52057
ROAD 1 134789 52057 129093 54046
ROAD 1 126562 55007 118875 54433
ROAD 1 118163 54150 118483 54150
ROAD 1 118072 54149 117763 54149
ROAD 1 118483 54150 118875 54433
ROAD 1 117763 54149 115218 54164
ROAD 1 115218 54164 106875 51750
ROAD 1 106875 51750 101859 51515
ROAD 1 101859 51515 98625 51574
ROAD 1 98625 51574 96445 51609
ROAD 1 98625 55497 98630 55104
ROAD 1 98630 55104 98625 51574
ROAD 1 95827 51708 96041 51708
ROAD 1 96041 51708 96445 51609
ROAD 1 132351 70523 127007 70804
ROAD 1 127007 70804 119859 71484
ROAD 1 119859 71484 114328 75351
ROAD 1 113059 75559 113604 75559
ROAD 1 113604 75559 114328 75351
ROAD 1 147755 131622 147117 131622
ROAD 1 147117 131622 143812 131531
ROAD 1 142914 131399 143226 131399
ROAD 1 142820 131400 142511 131400
ROAD 1 143226 131399 143812 131531
ROAD 1 142511 131400 140343 131156
ROAD 1 138902 128680 138899 128964
ROAD 1 138899 128589 138905 128267
ROAD 1 138899 128964 138975 129855
ROAD 1 138975 129855 140343 131156
ROAD 1 138905 128267 138761 128200
ROAD 1 138761 128200 138260 128214
ROAD 1 137818 128211 138011 128211
ROAD 1 138011 128211 138260 128214
ROAD 1 142180 124350 142464 124350
ROAD 1 142086 124350 141758 124350
ROAD 1 142875 124500 142875 124382
ROAD 1 142875 124382 142464 124350
ROAD 1 141758 124350 140765 124511
ROAD 1 140765 124511 139248 125642
ROAD 1 139248 125642 138339 126667
ROAD 1 137809 127309 137997 127309
ROAD 1 137997 127309 138155 127233
ROAD 1 138155 127233 138339 126667
ROAD 1 159079 160057 158841 160057
ROAD 1 158841 160057 149906 161062
ROAD 1 148930 161100 149232 161100
ROAD 1 149232 161100 149906 161062
ROAD 1 148839 161100 148523 161100
ROAD 1 148523 161100 144679 161648
ROAD 1 144679 161648 141375 161625
ROAD 1 141375 161625 139898 160546
ROAD 1 139872 159747 139866 160371
ROAD 1 139866 160371 139898 160546
ROAD 1 126445 172218 123914 172429
ROAD 1 123914 172429 121289 173460
ROAD 1 120662 173604 120858 173604
ROAD 1 120858 173604 121289 173460
ROAD 1 103406 184101 104162 184101
ROAD 1 104162 184101 113062 182484
ROAD 1 113062 182484 117468 181406
ROAD 1 117468 181406 120421 176343
ROAD 1 117468 181406 120421 182250
ROAD 1 121347 183413 121347 183720
ROAD 1 121347 183720 121877 184040
ROAD 1 121350 183322 121356 182985
ROAD 1 121356 182985 120421 182250
ROAD 1 120600 175160 120597 175491
ROAD 1 120597 175072 120597 174755
ROAD 1 120597 175491 120421 176343
ROAD 1 120597 174755 120372 174310
ROAD 1 120369 173994 120363 174240
ROAD 1 120363 174240 120372 174310
ROAD 1 102834 184054 102618 184054
ROAD 1 102621 183899 102618 184054
ROAD 1 102413 183899 102621 183899
ROAD 1 102322 183905 102014 183905
ROAD 1 102014 183905 99562 183000
ROAD 1 99562 183000 98484 182085
ROAD 1 97177 182102 97492 182102
ROAD 1 97088 182100 96808 182100
ROAD 1 97492 182102 98484 182085
ROAD 1 96808 182100 96087 181945
ROAD 1 96087 181945 95296 179296
ROAD 1 95296 179296 95197 174673
ROAD 1 95192 173837 95188 174354
ROAD 1 95188 174354 95197 174673
ROAD 1 93430 179103 93708 179103
ROAD 1 93336 179103 93017 179103
ROAD 1 93708 179103 95296 179296
ROAD 1 93017 179103 88136 181195
ROAD 1 88136 181195 84738 184265
ROAD 1 83305 185415 83305 185192
ROAD 1 83305 185192 84738 184265
ROAD 1 88136 181195 84703 174562
ROAD 1 84703 174562 79078 173015
ROAD 1 79078 173015 72843 173437
ROAD 1 84703 174562 82500 159796
ROAD 1 82500 159796 81656 155156
ROAD 1 82500 159796 87796 155625
ROAD 1 71062 173806 71402 173806
ROAD 1 71402 173806 72843 173437
ROAD 1 81600 153416 81600 153714
ROAD 1 81600 153714 81656 155156
ROAD 1 81600 153322 81600 153026
ROAD 1 81600 153026 81498 152671
ROAD 1 81498 152671 80812 152091
ROAD 1 80056 152062 80437 152062
ROAD 1 80437 152062 80812 152091
ROAD 1 88835 155102 88516 155102
ROAD 1 88927 155102 89241 155102
ROAD 1 88516 155102 87796 155625
ROAD 1 89241 155102 90761 154757
ROAD 1 90761 154757 93281 153234
ROAD 1 93281 153234 96046 153175
ROAD 1 96934 153199 96621 153199
ROAD 1 96621 153199 96046 153175
ROAD 1 125958 166677 125961 166502
ROAD 1 125961 166502 125929 162468
ROAD 1 125929 162468 125695 157968
ROAD 1 125695 157968 121335 157101
ROAD 1 121335 157101 118851 157968
ROAD 1 118851 157968 118265 157500
ROAD 1 118350 156411 118350 156726
ROAD 1 118349 156320 118352 156016
ROAD 1 118350 156726 118265 157500
ROAD 1 118352 156016 117949 154980
ROAD 1 117949 154980 117398 152074
ROAD 1 117372 151494 117369 151927
ROAD 1 117369 151927 117398 152074
ROAD 1 102338 151353 102008 151353
ROAD 1 102430 151353 102738 151353
ROAD 1 100177 151352 100497 151352
ROAD 1 100497 151352 102008 151353
ROAD 1 100088 151353 99757 151353
ROAD 1 99757 151353 99462 151546
ROAD 1 98806 152056 99117 152056
ROAD 1 99117 152056 99462 151546
ROAD 1 102738 151353 109312 151453
ROAD 1 109312 151453 115828 151359
ROAD 1 117087 151056 116803 151057
ROAD 1 116803 151057 115828 151359
ROAD 2 93281 153234 92953 146484
ROAD 2 92953 146484 92718 144140
ROAD 2 93041 143077 93041 143349
ROAD 2 93041 143349 92718 144140
ROAD 2 93375 142500 93375 142259
ROAD 2 93375 142259 93117 141996
ROAD 2 93117 141996 92777 141421
ROAD 2 92777 141421 92906 139863
ROAD 2 92906 139863 93386 137121
ROAD 2 93375 136494 93372 136851
ROAD 2 93372 136851 93386 137121
ROAD 2 93375 135744 93380 135544
ROAD 2 93380 135544 95789 133617
ROAD 2 95789 133617 98929 131027
ROAD 2 98929 131027 100746 128578
ROAD 2 102041 127318 102041 127576
ROAD 2 102041 127576 100746 128578
ROAD 1 76125 42750 76125 42196
ROAD 1 76125 42196 71695 40289
ROAD 1 71695 40289 70546 39867
ROAD 1 70546 39867 66890 32859
ROAD 1 66890 32859 64453 30421
ROAD 1 64453 30421 63421 29625
ROAD 1 63421 29625 62531 29578
ROAD 1 61869 29244 61863 29414
ROAD 1 61863 29414 62531 29578
ROAD 1 61587 28810 61426 28810
ROAD 1 61426 28810 61207 28388
ROAD 1 61207 28388 60729 27937
ROAD 1 60729 27937 59824 27210
ROAD 1 59824 27210 55546 21703
ROAD 1 55350 20660 55350 20953
ROAD 1 55350 20953 55546 21703
ROAD 1 55350 20572 55353 20285
ROAD 1 55353 20285 54843 17929
ROAD 1 54843 17929 54820 14343
ROAD 1 54820 14343 55898 11742
ROAD 1 56197 10338 56194 10649
ROAD 1 56194 10649 55898 11742
ROAD 1 20162 19857 20428 19857
ROAD 1 20428 19857 24574 19277
ROAD 1 25823 18902 25535 18902
ROAD 1 25913 18903 26232 18903
ROAD 1 25535 18902 24574 19277
ROAD 1 26232 18903 27082 18656
ROAD 1 27082 18656 29062 14859
ROAD 1 29062 14859 29132 9703
ROAD 1 29132 9703 29695 3726
ROAD 1 29853 2663 29853 2970
ROAD 1 29853 2970 29695 3726
ROAD 1 29850 2575 29853 2252
ROAD 1 29853 2252 29112 1913
ROAD 1 28403 1857 28570 1857
ROAD 1 28570 1857 29112 1913
ROAD 1 29132 9703 31640 9609
ROAD 1 32679 9602 32983 9602
ROAD 1 32588 9600 32261 9600
ROAD 1 32261 9600 31640 9609
ROAD 1 32983 9602 35466 8973
ROAD 1 36339 8853 36020 8853
ROAD 1 36020 8853 35466 8973
ROAD 1 36427 8850 36717 8850
ROAD 1 36717 8850 42234 11109
ROAD 1 42234 11109 49453 13546
ROAD 1 51325 13655 51020 13655
ROAD 1 51410 13655 51685 13655
ROAD 1 51685 13655 54820 14343
ROAD 1 51020 13655 49453 13546
ROAD 1 13875 85494 13872 86126
ROAD 1 13872 86126 17085 89097
ROAD 1 17630 90000 17636 89431
ROAD 1 17636 89431 17085 89097
ROAD 1 31127 56994 31127 57295
ROAD 1 31127 57295 31289 59718
ROAD 1 31825 60152 31576 60152
ROAD 1 31576 60152 31289 59718
ROAD 1 31913 60149 32217 60149
ROAD 1 32217 60149 32976 60457
ROAD 1 32976 60457 36339 63316
ROAD 1 36339 63316 38167 65554
ROAD 1 39164 66692 38874 66694
ROAD 1 38874 66694 38167 65554
ROAD 1 41088 67558 41358 67558
ROAD 1 41358 67558 42222 67532
ROAD 1 43072 67652 42770 67652
ROAD 1 42770 67652 42222 67532
ROAD 1 43163 67652 43458 67652
ROAD 1 43458 67652 43664 67705
ROAD 1 43664 67705 44083 67851
ROAD 1 44083 67851 46333 67851
ROAD 1 46333 67851 48583 67851
ROAD 1 48583 67851 49593 67851
ROAD 1 49593 67851 49875 68039
ROAD 1 49875 68039 50812 69093
ROAD 1 50812 69093 52171 74578
ROAD 1 52171 74578 52148 77554
ROAD 1 52148 77554 52265 79031
ROAD 1 52350 79822 52352 79502
ROAD 1 52352 79502 52265 79031
ROAD 1 52350 79913 52350 80242
ROAD 1 52350 80242 52347 80800
ROAD 1 52347 80800 52324 81152
ROAD 1 52324 81152 52933 81796
ROAD 1 52933 81796 54257 83167
ROAD 1 54257 83167 57656 87609
ROAD 1 59055 88694 59058 88333
ROAD 1 59058 88333 57656 87609
ROAD 1 59444 89816 59440 90076
ROAD 1 59440 90076 59806 90706
ROAD 1 59806 90706 63492 94640
ROAD 1 63899 95585 63899 95269
ROAD 1 63899 95679 63899 95976
ROAD 1 63899 95269 63492 94640
ROAD 1 63899 95976 65765 98203
ROAD 1 66375 100007 67125 100921
ROAD 1 66149 99339 66149 99152
ROAD 1 66149 99152 65765 98203
ROAD 1 66152 99433 66152 99708
ROAD 1 66152 99708 66375 100007
ROAD 1 68055 101449 68055 101255
ROAD 1 68055 101255 67125 100921
ROAD 1 68192 103330 68191 103579
ROAD 1 68191 103579 65226 108703
ROAD 1 64877 110250 64877 109875
ROAD 1 64877 109875 65226 108703
ROAD 1 64875 110997 64872 111688
ROAD 1 66152 113589 66155 113264
ROAD 1 66155 113264 64872 111688
ROAD 1 66152 113677 66149 113982
ROAD 1 67072 115655 66764 115655
ROAD 1 66764 115655 66556 115505
ROAD 1 66556 115505 66149 113982
ROAD 1 67166 115652 67429 115652
ROAD 1 67429 115652 67851 115945
ROAD 1 67851 115945 68109 118476
ROAD 1 68109 118476 69375 125812
ROAD 1 69375 125812 74390 133382
ROAD 1 75152 134589 75155 134261
ROAD 1 75155 134261 74390 133382
ROAD 1 75152 134677 75152 134970
ROAD 1 75152 134970 74718 145500
ROAD 1 74718 145500 75984 150843
ROAD 1 75984 150843 76921 151687
ROAD 1 78166 152191 78008 152191
ROAD 1 78008 152191 76921 151687
TOWN 2 19828 19875
TOWN 2 13828 5625
TOWN 2 28078 1828
TOWN 1 57000 9000
TOWN 4 59578 10828
TOWN 4 92578 7875
TOWN 1 89953 4078
TOWN 1 126375 2203
TOWN 4 130828 1875
TOWN 1 181828 16125
TOWN 1 186328 40171
TOWN 1 143250 44203
TOWN 2 135328 34828
TOWN 4 120328 32531
TOWN 1 120375 27421
TOWN 4 91031 49078
TOWN 2 76125 43078
TOWN 2 61875 28828
TOWN 2 33375 37125
TOWN 2 29578 43078
TOWN 2 16828 47578
TOWN 2 3375 46078
TOWN 1 13828 70828
TOWN 4 15328 70828
TOWN 2 31078 56671
TOWN 1 40078 67078
TOWN 2 52125 52125
TOWN 2 73828 67078
TOWN 2 98578 55875
TOWN 1 94875 51750
TOWN 2 131578 67078
TOWN 2 127875 64921
TOWN 2 135375 52171
TOWN 2 139828 50625
TOWN 2 151078 63375
TOWN 1 149671 61875
TOWN 2 170578 73125
TOWN 2 167625 56531
TOWN 2 175125 58875
TOWN 2 184078 93375
TOWN 4 168281 91125
TOWN 4 170531 79125
TOWN 2 160875 84375
TOWN 1 160687 77718
TOWN 4 165281 82125
TOWN 2 148875 74671
TOWN 1 112125 76078
TOWN 2 89625 88125
TOWN 2 102328 91828
TOWN 1 59250 89296
TOWN 2 42375 92578
TOWN 2 36375 74625
TOWN 2 17578 90375
TOWN 2 13828 85125
TOWN 1 7875 97875
TOWN 1 13875 119625
TOWN 1 26578 118875
TOWN 1 43125 106078
TOWN 4 45328 106031
TOWN 2 50625 121125
TOWN 2 64875 110671
TOWN 1 68250 102328
TOWN 2 94125 97875
TOWN 2 98578 109875
TOWN 2 114375 99375
TOWN 2 129375 112125
TOWN 2 130125 110671
TOWN 2 130875 108375
TOWN 1 133875 98625
TOWN 4 136781 97828
TOWN 2 157078 108375
TOWN 2 175875 98671
TOWN 2 174328 112171
TOWN 2 184875 115125
TOWN 2 190125 106828
TOWN 2 171328 135375
TOWN 2 166875 134625
TOWN 2 148078 131578
TOWN 2 142875 124828
TOWN 1 136875 127875
TOWN 4 133734 129375
TOWN 4 102281 128578
TOWN 1 102375 126375
TOWN 2 93375 142921
TOWN 2 88828 125625
TOWN 2 53625 139875
TOWN 1 4500 136500
TOWN 1 4078 163171
TOWN 1 52078 162328
TOWN 1 79125 152625
TOWN 1 97875 152531
TOWN 2 117375 151171
TOWN 1 125625 167578
TOWN 2 139828 159421
TOWN 2 160078 166921
TOWN 2 159328 160125
TOWN 1 155250 178125
TOWN 4 153328 175125
TOWN 2 121828 184875
TOWN 2 120375 173671
TOWN 2 103078 184078
TOWN 1 95578 172875
TOWN 1 83250 186046
TOWN 1 70125 174375
TOWN 2 37125 168375
TOWN 5 51750 164250
TOWN 5 54000 159000
TOWN 2 93375 136171
TOWN 5 95250 141000
TOWN 5 90750 140296
TOWN 4 51281 160875
TOWN 4 54281 163078
TOWN 2 52875 157125
TOWN 2 47625 153375
TOWN 5 130500 81000
TOWN 5 141000 82500
TOWN 3 172148 109664
TOWN 3 182484 97921
TOWN 3 165210 74812
TOWN 3 165600 62267
TOWN 3 151500 62613
TOWN 3 132187 103828
TOWN 3 134156 178968
TOWN 3 19962 50150
TOWN 3 126550 54996
TOWN 3 98622 51574
TOWN 3 132328 70500
TOWN 3 126421 172218
TOWN 3 117468 181394
TOWN 3 121877 184040
TOWN 3 95296 179293
TOWN 3 88125 181183
TOWN 3 84691 174550
TOWN 3 82500 159785
TOWN 3 93275 153228
TOWN 3 29132 9703
TOWN 3 54817 14343
