32
OBJ: 27 182 152 90 0
OBJ: 27 182 130 90 0
OBJ: 27 182 107 90 0
OBJ: 27 182 85 90 0
OBJ: 27 182 63 90 0
OBJ: 28 87 166 0 0
OBJ: 29 88 141 0 2
OBJ: 40 88 131 0 0
OBJ: 29 156 48 180 2
OBJ: 29 149 48 180 0
OBJ: 20 191 53 90 0
OBJ: 38 88 135 0 2
OBJ: 29 163 48 180 1
OBJ: 29 171 48 180 2
OBJ: 20 191 74 90 1
OBJ: 20 191 96 90 2
OBJ: 20 191 118 90 1
OBJ: 20 191 141 90 2
OBJ: 20 88 156 270 1
OBJ: 20 88 147 270 1
OBJ: 29 87 162 0 0
OBJ: 26 14 89 0 2
OBJ: 26 14 98 0 3
OBJ: 26 14 106 0 2
OBJ: 26 14 114 0 3
OBJ: 45 228 62 0 3
OBJ: 45 242 84 0 3
OBJ: 45 144 224 0 3
OBJ: 45 212 235 0 3
OBJ: 45 18 35 0 3
OBJ: 41 217 104 90 2

