32
OBJ: 62 77 10 270 2
OBJ: 61 155 30 270 0
OBJ: 58 74 172 270 0
OBJ: 57 59 35 90 0
OBJ: 53 88 46 0 1
OBJ: 51 16 85 0 0
OBJ: 51 9 33 0 0
OBJ: 57 206 38 0 0
OBJ: 53 66 90 270 0
OBJ: 51 117 96 0 2
OBJ: 55 228 138 0 3
OBJ: 46 203 185 0 3
OBJ: 46 94 235 0 3
OBJ: 46 211 70 0 3
OBJ: 45 88 78 0 3
OBJ: 45 98 70 0 3
OBJ: 16 14 164 0 1
OBJ: 16 29 164 0 1
OBJ: 17 22 129 0 2
OBJ: 17 28 116 180 1
OBJ: 46 56 73 0 3
OBJ: 41 155 108 0 1
OBJ: 16 141 80 0 2
OBJ: 17 153 65 0 1
OBJ: 23 199 110 0 2
OBJ: 16 210 4 0 1
OBJ: 17 245 36 0 1
OBJ: 41 25 147 0 2
OBJ: 54 205 151 0 0
OBJ: 41 71 142 0 2
OBJ: 41 233 90 0 2
OBJ: 41 236 164 0 3

