32
OBJ: 49 200 141 0 0
OBJ: 49 97 132 270 2
OBJ: 50 160 112 0 0
OBJ: 50 157 195 270 1
OBJ: 52 204 89 0 1
OBJ: 52 113 156 0 0
OBJ: 60 193 112 0 3
OBJ: 61 57 143 270 0
OBJ: 62 9 82 0 2
OBJ: 62 62 246 90 2
OBJ: 53 11 187 0 1
OBJ: 57 242 107 0 1
OBJ: 49 103 200 0 0
OBJ: 50 40 203 0 2
OBJ: 51 66 197 0 0
OBJ: 52 241 147 0 3
OBJ: 53 243 56 0 0
OBJ: 57 211 239 0 0
OBJ: 60 112 242 90 3
OBJ: 61 238 183 0 0
OBJ: 49 45 72 90 1
OBJ: 50 111 63 0 1
OBJ: 51 59 34 270 0
OBJ: 52 155 244 0 0
OBJ: 53 179 234 0 3
OBJ: 61 166 48 270 0
OBJ: 62 183 8 270 2
OBJ: 46 85 11 0 3
OBJ: 46 175 142 270 3
OBJ: 52 159 142 0 2
OBJ: 46 67 50 0 3
OBJ: 45 163 166 0 3

