26
OBJ: 54 165 194 0 0
OBJ: 55 145 160 0 0
OBJ: 56 182 168 0 2
OBJ: 56 182 160 0 2
OBJ: 58 215 32 0 0
OBJ: 59 82 133 90 0
OBJ: 51 24 47 90 1
OBJ: 53 90 26 0 1
OBJ: 61 26 87 270 0
OBJ: 57 45 16 0 0
OBJ: 61 121 33 0 0
OBJ: 41 155 26 0 1
OBJ: 45 170 84 0 2
OBJ: 46 84 3 0 3
OBJ: 46 132 116 270 2
OBJ: 45 149 131 0 3
OBJ: 45 78 184 0 3
OBJ: 16 32 226 0 2
OBJ: 16 79 212 0 1
OBJ: 17 34 212 0 1
OBJ: 17 24 191 0 1
OBJ: 41 23 124 0 2
OBJ: 45 21 217 0 3
OBJ: 17 5 14 0 1
OBJ: 41 84 83 0 1
OBJ: 45 73 51 0 2

