32
OBJ: 41 14 40 90 0
OBJ: 41 235 20 0 0
OBJ: 41 26 237 0 0
OBJ: 41 238 209 270 1
OBJ: 41 144 77 0 2
OBJ: 41 73 147 0 2
OBJ: 41 203 146 0 0
OBJ: 41 166 225 0 2
OBJ: 41 69 17 0 2
OBJ: 41 88 208 0 0
OBJ: 41 174 32 0 1
OBJ: 41 34 110 0 0
OBJ: 41 234 83 0 0
OBJ: 41 20 171 0 0
OBJ: 41 189 102 0 2
OBJ: 41 116 178 0 1
OBJ: 41 126 14 0 0
OBJ: 41 207 240 0 0
OBJ: 41 151 120 0 0
OBJ: 41 124 241 0 1
OBJ: 41 92 58 0 0
OBJ: 41 47 208 0 2
OBJ: 41 195 66 0 2
OBJ: 41 163 194 0 2
OBJ: 41 127 207 90 3
OBJ: 41 30 77 0 3
OBJ: 41 231 49 180 3
OBJ: 41 75 240 90 3
OBJ: 41 234 122 0 3
OBJ: 41 242 165 90 3
OBJ: 41 77 115 0 3
OBJ: 41 66 180 0 3
