32
OBJ: 19 30 214 180 0
OBJ: 18 195 72 180 0
OBJ: 20 211 40 270 2
OBJ: 13 71 96 180 1
OBJ: 22 12 202 270 1
OBJ: 19 147 197 270 0
OBJ: 21 151 175 0 1
OBJ: 20 79 211 180 2
OBJ: 46 27 121 0 1
OBJ: 46 128 122 90 1
OBJ: 45 170 82 0 3
OBJ: 45 79 183 0 3
OBJ: 45 79 46 0 3
OBJ: 45 210 60 0 3
OBJ: 45 174 134 0 3
OBJ: 6 35 148 0 2
OBJ: 7 72 168 0 2
OBJ: 8 67 111 0 2
OBJ: 9 111 97 0 2
OBJ: 10 152 64 0 2
OBJ: 11 210 20 0 2
OBJ: 16 79 12 0 1
OBJ: 16 91 31 270 1
OBJ: 17 41 88 0 0
OBJ: 17 21 88 0 0
OBJ: 45 75 84 0 3
OBJ: 45 65 128 0 3
OBJ: 45 89 77 0 3
OBJ: 54 93 133 0 0
OBJ: 58 25 30 0 0
OBJ: 50 118 38 0 1
OBJ: 41 213 179 0 2

