25
OBJ: 41 241 159 270 1
OBJ: 41 203 144 270 1
OBJ: 41 234 114 0 0
OBJ: 41 60 20 270 1
OBJ: 41 106 17 0 2
OBJ: 41 148 26 270 0
OBJ: 41 190 94 0 1
OBJ: 41 234 23 90 0
OBJ: 41 234 211 0 2
OBJ: 41 189 24 0 2
OBJ: 41 229 64 270 2
OBJ: 41 51 182 270 0
OBJ: 41 182 60 0 0
OBJ: 41 134 165 0 0
OBJ: 41 172 203 270 2
OBJ: 41 97 238 0 0
OBJ: 41 27 241 0 0
OBJ: 41 159 234 90 2
OBJ: 41 206 242 0 0
OBJ: 41 20 49 90 2
OBJ: 41 80 54 0 0
OBJ: 41 126 201 270 1
OBJ: 41 21 200 270 3
OBJ: 41 86 196 180 2
OBJ: 41 209 181 270 0
