32
OBJ: 51 178 228 90 0
OBJ: 62 83 80 90 0
OBJ: 57 153 117 270 0
OBJ: 13 228 85 0 1
OBJ: 13 218 81 0 3
OBJ: 13 207 81 0 3
OBJ: 13 200 84 0 1
OBJ: 16 154 13 0 2
OBJ: 16 23 88 90 3
OBJ: 16 142 139 0 2
OBJ: 16 210 116 0 0
OBJ: 16 142 47 0 2
OBJ: 17 139 82 0 0
OBJ: 17 81 61 90 3
OBJ: 17 40 79 0 0
OBJ: 17 27 71 0 2
OBJ: 17 67 184 0 0
OBJ: 17 54 184 0 2
OBJ: 51 107 120 270 2
OBJ: 57 207 153 0 0
OBJ: 23 210 106 0 3
OBJ: 51 87 29 0 1
OBJ: 57 170 144 270 0
OBJ: 62 111 200 0 0
OBJ: 41 69 147 0 1
OBJ: 41 179 34 90 1
OBJ: 41 208 183 90 0
OBJ: 16 29 163 0 2 
OBJ: 16 14 163 0 2
OBJ: 17 32 111 0 2
OBJ: 17 38 123 270 2
OBJ: 23 213 92 0 3
