ROAD 1 28253 72410 27691 73289
ROAD 1 28746 70839 28980 70277
ROAD 2 28898 72246 29425 72421
ROAD 1 25910 106763 26830 107103
ROAD 1 25089 106230 24322 105673
ROAD 1 25236 106910 24890 107853
ROAD 1 27691 73289 25312 74343
ROAD 1 25312 74343 22781 74718
ROAD 1 22781 74718 21468 79968
ROAD 1 21468 79968 22500 82781
ROAD 1 22500 82781 25218 86812
ROAD 1 25218 86812 26062 89343
ROAD 1 26062 89343 25500 91968
ROAD 1 25500 91968 25781 94312
ROAD 1 25781 94312 25968 96468
ROAD 1 25968 96468 24750 99093
ROAD 1 24750 99093 22593 101062
ROAD 1 22593 101062 22125 103406
ROAD 1 22125 103406 24322 105673
ROAD 2 31335 79195 31734 79171
ROAD 2 31734 79171 31898 78726
ROAD 2 31898 78726 31218 78328
ROAD 2 31218 78328 30000 78445
ROAD 2 30000 78445 27820 77625
ROAD 2 27820 77625 26695 74835
ROAD 2 26695 74835 27691 73289
ROAD 1 60996 64839 61839 64019
ROAD 1 61171 66257 61640 66914
ROAD 2 60351 64992 59648 64347
ROAD 1 67693 104496 67699 103851
ROAD 1 67236 106160 66814 107132
ROAD 2 66996 105550 66410 105550
ROAD 2 68742 105193 69345 105269
ROAD 1 66187 77343 65250 76781
ROAD 1 65250 76781 64500 75843
ROAD 1 64500 75843 64218 73218
ROAD 1 64218 73218 63750 71812
ROAD 1 63750 71812 62062 71437
ROAD 1 62062 71437 61218 69187
ROAD 1 61218 69187 61640 66914
ROAD 1 68343 87187 66093 84000
ROAD 1 66093 84000 66750 80718
ROAD 1 66750 80718 67218 79218
ROAD 1 67218 79218 67031 78093
ROAD 1 67031 78093 66187 77343
ROAD 1 67699 103851 69187 102843
ROAD 1 69187 102843 71343 102375
ROAD 1 71343 102375 71718 100875
ROAD 1 71718 100875 71250 99843
ROAD 1 71250 99843 69843 97781
ROAD 1 69843 97781 68812 93937
ROAD 1 68812 93937 70593 91593
ROAD 1 70593 91593 70593 89250
ROAD 1 70593 89250 68343 87187
ROAD 1 101589 63492 100781 62519
ROAD 1 103171 64757 104402 65402
ROAD 1 102550 64986 102544 65425
ROAD 2 101736 64904 101214 65531
ROAD 1 104507 72339 104835 71367
ROAD 1 104003 73171 103570 73781
ROAD 1 103570 73781 102386 74179
ROAD 1 91875 104250 91863 104964
ROAD 1 91875 103511 91898 102996
ROAD 1 94125 98250 94113 97945
ROAD 1 94125 99000 94125 99410
ROAD 1 94125 99410 94125 101085
ROAD 1 94125 101085 93796 101601
ROAD 1 93796 101601 93093 102375
ROAD 1 93093 102375 91898 102996
ROAD 2 93316 118652 93058 118658
ROAD 2 93416 118658 93726 118658
ROAD 2 93726 118658 94839 118980
ROAD 1 95443 118746 95466 118125
ROAD 1 96410 120263 96931 120691
ROAD 1 91863 104964 91968 105843
ROAD 1 91968 105843 92625 106546
ROAD 1 92625 106546 92671 107953
ROAD 1 92671 107953 91921 108750
ROAD 1 91921 108750 91687 110859
ROAD 1 91687 110859 92765 112687
ROAD 1 92765 112687 93796 114046
ROAD 1 93796 114046 94640 114937
ROAD 1 94640 114937 94828 116906
ROAD 1 94828 116906 95466 118125
ROAD 1 94113 97945 91968 95625
ROAD 1 91968 95625 91921 93843
ROAD 1 91921 93843 92812 93093
ROAD 1 92812 93093 92437 89625
ROAD 1 92437 89625 92390 85546
ROAD 1 92390 85546 93093 83906
ROAD 1 93093 83906 94453 82265
ROAD 1 94453 82265 96093 82125
ROAD 1 96093 82125 96843 81328
ROAD 1 96843 81328 96750 77812
ROAD 1 96750 77812 97828 74906
ROAD 1 97828 74906 98765 73921
ROAD 1 98765 73921 102386 74179
ROAD 1 104835 71367 102544 65425
ROAD 1 135949 76751 135960 76136
ROAD 1 135339 76986 134437 76435
ROAD 1 135486 78410 135005 79306
ROAD 1 136916 78263 137613 78984
ROAD 1 124125 103511 124119 103048
ROAD 1 124119 104226 124125 104818
ROAD 1 115013 120333 115242 119718
ROAD 1 113736 121160 113478 121892
ROAD 1 115160 121019 115968 121535
ROAD 2 113595 120486 112962 120140
ROAD 1 115242 119718 116578 118593
ROAD 1 116578 118593 116718 116906
ROAD 1 116718 116906 117984 115734
ROAD 1 117984 115734 118875 112593
ROAD 1 118875 112593 120046 111421
ROAD 1 120046 111421 121406 109875
ROAD 1 121406 109875 123140 108375
ROAD 1 123140 108375 124125 107531
ROAD 1 124125 107531 124125 104818
ROAD 1 133031 81093 135005 79306
ROAD 1 133031 81093 131859 82218
ROAD 1 131859 82218 126750 85453
ROAD 1 126750 85453 125953 90703
ROAD 1 125953 90703 126796 95578
ROAD 1 126796 95578 125625 97031
ROAD 1 125625 97031 124687 98578
ROAD 1 124687 98578 124031 99796
ROAD 1 124031 99796 124119 103048
ROAD 2 28599 65601 28494 65595
ROAD 2 28494 65595 27761 65091
ROAD 2 27439 65103 27761 65091
ROAD 2 27322 65097 26923 65091
ROAD 1 28875 65261 28886 65044
ROAD 1 28875 65982 28875 66175
ROAD 1 29238 47619 29718 47601
ROAD 1 28517 47613 28324 47613
ROAD 1 28324 47613 28048 48070
ROAD 1 46992 28160 46125 29144
ROAD 1 46839 26730 45703 25640
ROAD 1 49007 26589 49839 25464
ROAD 1 47800 28253 47800 29062
ROAD 2 49171 28007 50062 28828
ROAD 1 46875 40505 46869 40025
ROAD 1 46869 41238 46857 41701
ROAD 2 47150 40898 47671 40904
ROAD 2 42345 44900 42363 45462
ROAD 1 42011 44607 41396 44613
ROAD 1 42732 44619 43400 44607
ROAD 1 28980 70277 28640 67781
ROAD 1 28640 67781 28875 65982
ROAD 1 28886 65044 27890 63562
ROAD 1 27890 63562 28078 61875
ROAD 1 28078 61875 30703 59953
ROAD 1 30703 59953 32343 57843
ROAD 1 32343 57843 32109 57140
ROAD 1 32109 57140 32015 55500
ROAD 1 32015 55500 31640 54562
ROAD 1 31640 54562 30000 54375
ROAD 1 30000 54375 29015 54281
ROAD 1 29015 54281 27890 53390
ROAD 1 27890 53390 27562 52640
ROAD 1 27562 52640 27140 51234
ROAD 1 27140 51234 28171 49968
ROAD 1 28171 49968 28048 48070
ROAD 1 29718 47601 32062 45750
ROAD 1 32062 45750 33843 44953
ROAD 1 33843 44953 37828 44906
ROAD 1 37828 44906 41396 44613
ROAD 1 43400 44607 46857 41701
ROAD 1 46869 40025 49265 37875
ROAD 1 49265 37875 50109 36140
ROAD 1 50109 36140 49875 35109
ROAD 1 49875 35109 48796 33000
ROAD 1 48796 33000 47800 29062
ROAD 1 45703 25640 45562 21703
ROAD 1 45562 21703 45328 18000
ROAD 1 45328 18000 40500 11859
ROAD 1 40500 11859 37500 187
ROAD 1 7839 31242 6832 30656
ROAD 1 9410 32507 10160 32953
ROAD 1 10160 32953 12445 31875
ROAD 1 21761 33369 21175 33369
ROAD 1 22488 33369 22945 33369
ROAD 2 22101 33644 22101 34160
ROAD 2 29103 46810 29074 46511
ROAD 2 29097 46927 29091 47062
ROAD 2 28898 47361 28904 47167
ROAD 2 28904 47167 29091 47062
ROAD 1 43916 30158 44214 30152
ROAD 1 44214 30152 46125 29144
ROAD 1 43810 30152 43494 30152
ROAD 1 22945 33369 33609 33890
ROAD 1 33609 33890 43494 30152
ROAD 2 29074 46511 25734 41250
ROAD 2 25734 41250 25453 38390
ROAD 2 25453 38390 24843 36843
ROAD 2 24843 36843 23109 34687
ROAD 2 23109 34687 22101 34160
ROAD 1 21175 33369 14718 31640
ROAD 1 14718 31640 12445 31875
ROAD 1 6832 30656 46 32437
ROAD 2 17255 64130 16664 64136
ROAD 2 17958 64125 18404 64130
ROAD 2 18404 64130 20437 64828
ROAD 2 20437 64828 26923 65091
ROAD 2 16664 64136 12562 62250
ROAD 2 12562 62250 9562 61921
ROAD 2 9562 61921 46 61828
ROAD 2 84439 57597 84720 57597
ROAD 2 84322 57597 84029 57585
ROAD 2 84029 57585 83660 57263
ROAD 1 82986 57404 82675 57878
ROAD 1 82845 56730 82500 56208
ROAD 1 78380 44238 78386 44671
ROAD 1 78375 43511 78375 43048
ROAD 2 78099 43857 77566 43863
ROAD 2 71349 28851 70992 28851
ROAD 1 71630 29232 71630 29666
ROAD 1 71630 28511 71642 27955
ROAD 1 76242 22916 75902 23841
ROAD 1 76089 21486 75257 21017
ROAD 1 78498 21949 78896 21949
ROAD 1 79810 21902 79517 21896
ROAD 1 79517 21896 78896 21949
ROAD 1 79916 21908 80238 21902
ROAD 1 61839 64019 69937 59109
ROAD 1 69937 59109 74390 58640
ROAD 1 74390 58640 80765 58593
ROAD 1 80765 58593 82675 57878
ROAD 1 82500 56208 79406 53296
ROAD 1 79406 53296 79125 50437
ROAD 1 79125 50437 79312 47250
ROAD 1 79312 47250 79312 46031
ROAD 1 79312 46031 78386 44671
ROAD 1 78375 43048 75375 38671
ROAD 1 75375 38671 75515 35906
ROAD 1 75515 35906 75421 33421
ROAD 1 75421 33421 74109 32296
ROAD 1 74109 32296 72843 30468
ROAD 1 72843 30468 71630 29666
ROAD 1 71642 27955 75902 23841
ROAD 2 45392 54105 45398 53660
ROAD 2 45744 54380 46207 54369
ROAD 2 45017 54375 44449 54380
ROAD 2 59648 64347 55781 57468
ROAD 2 55781 57468 50812 55453
ROAD 2 50812 55453 46207 54369
ROAD 2 29425 72421 32109 72187
ROAD 2 32109 72187 34218 71953
ROAD 2 34218 71953 35156 71062
ROAD 2 35156 71062 35718 70359
ROAD 2 35718 70359 35625 69140
ROAD 2 35625 69140 34968 68296
ROAD 2 34968 68296 34875 67125
ROAD 2 34875 67125 36515 60093
ROAD 2 36515 60093 44449 54380
ROAD 2 42363 45462 44203 47062
ROAD 2 44203 47062 44484 50390
ROAD 2 44484 50390 45398 53660
ROAD 2 47671 40904 54421 41765
ROAD 2 54421 41765 66468 41296
ROAD 2 77566 43863 71906 42937
ROAD 2 71906 42937 66468 41296
ROAD 2 50062 28828 55500 30140
ROAD 2 55500 30140 62062 29953
ROAD 2 62062 29953 69000 29953
ROAD 2 69000 29953 70992 28851
ROAD 1 67130 9755 67119 9000
ROAD 1 67130 10482 67125 10998
ROAD 2 66849 10101 66310 10107
ROAD 1 67898 17349 67898 16916
ROAD 1 68244 17622 68800 17633
ROAD 1 67505 17627 66993 17625
ROAD 2 58142 15855 58142 15568
ROAD 1 58482 16130 59015 16119
ROAD 1 57744 16130 57046 16171
ROAD 1 68800 17633 71859 17718
ROAD 1 75257 21017 71859 17718
ROAD 1 66993 17625 61781 16546
ROAD 1 61781 16546 59015 16119
ROAD 1 67119 9000 66656 140
ROAD 1 67125 10998 67687 12375
ROAD 1 67898 16916 67687 12375
ROAD 2 58142 15568 57984 13453
ROAD 2 57984 13453 58500 13031
ROAD 2 58500 13031 59578 13078
ROAD 2 59578 13078 61500 12000
ROAD 2 61500 12000 64359 11203
ROAD 2 64359 11203 66310 10107
ROAD 2 57046 16171 54140 17062
ROAD 2 54140 17062 49839 25464
ROAD 2 101214 65531 93796 61406
ROAD 2 93796 61406 92296 57562
ROAD 2 92296 57562 88218 56812
ROAD 2 88218 56812 84720 57597
ROAD 1 100781 62519 95953 54328
ROAD 1 95953 54328 94359 49968
ROAD 1 94359 49968 96281 48421
ROAD 1 96281 48421 96703 47250
ROAD 1 96703 47250 96562 44765
ROAD 1 96562 44765 96843 42562
ROAD 1 111281 35062 109359 36937
ROAD 1 109359 36937 109359 38109
ROAD 1 109359 38109 109218 39562
ROAD 1 109218 39562 106031 42468
ROAD 1 106031 42468 103593 42515
ROAD 1 103593 42515 101390 42328
ROAD 1 101390 42328 98765 41765
ROAD 1 98765 41765 96843 42562
ROAD 1 115500 19875 114539 19875
ROAD 1 116226 19875 116882 19875
ROAD 1 122718 25347 122976 25335
ROAD 1 122554 25335 122296 25324
ROAD 1 122296 25324 121910 25007
ROAD 1 120492 25160 120082 25769
ROAD 1 120328 23730 119425 22687
ROAD 1 120257 24550 119425 24539
ROAD 1 95250 22880 94447 22892
ROAD 1 95982 22880 96703 22875
ROAD 2 95648 22599 95689 21738
ROAD 1 119847 19166 119835 19470
ROAD 1 119847 19048 119853 18738
ROAD 1 115166 6263 115558 6556
ROAD 1 113589 5742 113267 5255
ROAD 2 115013 5589 115488 5121
ROAD 2 113742 6410 113337 7042
ROAD 1 111281 35062 118781 30140
ROAD 1 118781 30140 120187 27937
ROAD 1 120187 27937 120082 25769
ROAD 1 119425 24539 118640 23578
ROAD 1 118640 23578 117796 21140
ROAD 1 117796 21140 116882 19875
ROAD 1 119425 22687 119835 19470
ROAD 2 118324 23707 118640 23578
ROAD 1 119853 18738 118968 17578
ROAD 1 118968 17578 117234 17015
ROAD 1 117234 17015 116062 15515
ROAD 1 116062 15515 116250 11671
ROAD 1 116250 11671 116343 9328
ROAD 1 116343 9328 115640 8343
ROAD 1 115558 6556 115640 8343
ROAD 1 113267 5255 108375 4921
ROAD 1 108375 4921 105375 2906
ROAD 1 105375 2203 105328 140
ROAD 1 114539 19875 111000 21515
ROAD 1 111000 21515 105046 22312
ROAD 1 105046 22312 101390 22640
ROAD 1 101390 22640 96703 22875
ROAD 2 95689 21738 99000 20062
ROAD 2 99000 20062 100406 18281
ROAD 2 100406 18281 100687 16453
ROAD 2 100687 16453 102000 14718
ROAD 2 102000 14718 102750 13875
ROAD 2 102750 13875 103687 13687
ROAD 2 103687 13687 103875 12937
ROAD 2 103875 12937 103265 12000
ROAD 2 103265 12000 103031 11062
ROAD 2 103031 11062 103734 10406
ROAD 2 103734 10406 104859 9984
ROAD 2 104859 9984 107578 7734
ROAD 2 107578 7734 109406 6562
ROAD 2 109406 6562 113337 7042
ROAD 1 80238 21902 84609 20953
ROAD 1 84609 20953 88546 21890
ROAD 1 88546 21890 94447 22892
ROAD 1 120333 72603 119947 72597
ROAD 1 120439 72597 120785 72597
ROAD 1 134437 76435 127781 73031
ROAD 1 127781 73031 124640 72328
ROAD 1 124640 72328 120785 72597
ROAD 1 104402 65402 108984 65718
ROAD 1 108984 65718 113343 68296
ROAD 1 113343 68296 119947 72597
ROAD 1 128578 2730 128144 2121
ROAD 1 128144 2121 127863 58
ROAD 1 130160 3996 131085 4933
ROAD 2 128742 4171 127945 5121
ROAD 1 137097 16810 137097 16494
ROAD 1 137097 16921 137085 17244
ROAD 1 137507 19833 137789 19042
ROAD 1 137660 22007 138351 22330
ROAD 1 136101 19980 135498 19628
ROAD 1 136236 22160 135767 22921
ROAD 1 137789 19042 137085 17244
ROAD 1 136007 27339 136441 26332
ROAD 1 134742 28910 134238 29742
ROAD 1 136441 26332 135767 22921
ROAD 1 135372 54761 135380 54448
ROAD 1 135375 55485 135363 55930
ROAD 1 135960 76136 136406 74859
ROAD 1 136406 74859 136406 73218
ROAD 1 136406 73218 139078 71015
ROAD 1 139078 71015 139312 66984
ROAD 1 139312 66984 137250 62671
ROAD 1 137250 62671 135375 62062
ROAD 1 135375 62062 134531 60750
ROAD 1 134531 60750 135363 55930
ROAD 1 135644 55148 136037 55154
ROAD 1 135380 54448 133265 45890
ROAD 1 133265 45890 131859 40828
ROAD 1 131859 40828 132515 37968
ROAD 1 132515 37968 131109 34500
ROAD 1 131109 34500 134238 29742
ROAD 1 137097 16494 136968 14296
ROAD 1 136968 14296 136828 12984
ROAD 1 136828 12984 136031 12328
ROAD 1 136031 12328 135000 8812
ROAD 1 135000 8812 134250 6984
ROAD 1 134250 6984 132187 6750
ROAD 1 132187 6750 131085 4933
ROAD 1 122976 25335 131531 20437
ROAD 1 131531 20437 135498 19628
ROAD 2 115488 5121 118781 4218
ROAD 2 118781 4218 121359 4875
ROAD 2 121359 4875 122250 5578
ROAD 2 122250 5578 124734 6046
ROAD 2 124734 6046 127945 5121
ROAD 2 155736 22910 155507 23238
ROAD 1 157154 22757 157705 23039
ROAD 1 155589 21480 154863 21023
ROAD 2 152630 28505 152619 28283
ROAD 2 152613 29226 152619 29642
ROAD 2 153369 38232 153363 38607
ROAD 2 153644 37892 154042 37898
ROAD 2 153375 37494 153363 37119
ROAD 2 163119 35255 163119 34810
ROAD 2 163107 35982 163095 36533
ROAD 2 136037 55154 137601 55734
ROAD 2 139066 56847 138755 56841
ROAD 2 139212 56847 139523 56847
ROAD 2 148353 51421 148347 51726
ROAD 2 148347 51298 148353 50988
ROAD 1 169089 27480 168468 27035
ROAD 1 170671 28757 171667 29625
ROAD 2 169242 28910 168585 30105
ROAD 1 175113 35250 175113 34816
ROAD 1 175113 35988 175125 36597
ROAD 1 176103 52066 176091 51750
ROAD 1 176097 52177 176091 52523
ROAD 1 177339 55230 176753 54597
ROAD 1 178910 56519 179589 57457
ROAD 2 178757 55089 179789 54316
ROAD 2 176085 55171 176332 55160
ROAD 2 176332 55160 176753 54597
ROAD 1 138351 22330 145265 22453
ROAD 1 145265 22453 154863 21023
ROAD 2 152619 28283 155507 23238
ROAD 2 153363 37119 151921 31171
ROAD 2 151921 31171 152619 29642
ROAD 2 153363 38607 149296 41203
ROAD 2 149296 41203 148734 45046
ROAD 2 148353 50988 148734 45046
ROAD 2 148347 51726 147703 54750
ROAD 2 147703 54750 145546 55734
ROAD 2 138755 56841 137601 55734
ROAD 2 139523 56847 140625 57843
ROAD 2 140625 57843 143578 57890
ROAD 2 143578 57890 145546 55734
ROAD 2 154042 37898 163095 36533
ROAD 2 163119 34810 164250 33000
ROAD 2 164250 33000 168585 30105
ROAD 1 157705 23039 168468 27035
ROAD 1 175113 34816 171667 29625
ROAD 1 175125 36597 176250 45796
ROAD 1 176250 45796 176091 51750
ROAD 1 176091 52523 176753 54597
ROAD 2 179789 54316 183703 52265
ROAD 2 183703 52265 186468 52875
ROAD 2 186468 52875 188625 55453
ROAD 2 188625 55453 191906 55640
ROAD 2 153087 37798 152566 37792
ROAD 2 136148 28757 137906 29648
ROAD 2 137906 29648 140484 32531
ROAD 2 140484 32531 142031 32578
ROAD 2 142031 32578 144515 32671
ROAD 2 144515 32671 152566 37792
ROAD 1 144375 86250 144375 85927
ROAD 1 144369 86982 144357 87369
ROAD 1 148066 89847 147767 89841
ROAD 1 148189 89853 148476 89847
ROAD 1 158589 84492 157722 84070
ROAD 1 160160 85757 161062 86671
ROAD 1 164250 91136 163968 91136
ROAD 1 164988 91136 165363 91136
ROAD 1 187992 86648 187324 87433
ROAD 1 187828 85230 187453 84515
ROAD 1 189410 86484 190242 86941
ROAD 1 190242 86941 190921 88500
ROAD 1 190921 88500 191906 88664
ROAD 1 183421 79757 184113 80320
ROAD 1 181828 78480 181007 77625
ROAD 1 181007 77625 178312 76406
ROAD 1 178312 76406 175125 72187
ROAD 1 175125 72187 174750 68812
ROAD 1 174750 68812 179589 57457
ROAD 1 187453 84515 187500 82312
ROAD 1 187500 82312 184113 80320
ROAD 1 187324 87433 183281 88406
ROAD 1 183281 88406 181078 87421
ROAD 1 181078 87421 180000 87234
ROAD 1 180000 87234 179390 87937
ROAD 1 179390 87937 177750 89250
ROAD 1 177750 89250 175781 90328
ROAD 1 175781 90328 174656 90375
ROAD 1 174656 90375 172078 90375
ROAD 1 172078 90375 170531 90421
ROAD 1 170531 90421 168187 91031
ROAD 1 168187 91031 167296 91781
ROAD 1 167296 91781 166218 92203
ROAD 1 166218 92203 165363 91136
ROAD 1 163968 91136 161437 88875
ROAD 1 161437 88875 161062 86671
ROAD 1 148476 89847 149343 89203
ROAD 1 149343 89203 149671 87281
ROAD 1 149671 87281 150843 86671
ROAD 1 150843 86671 152953 86203
ROAD 1 152953 86203 153375 85453
ROAD 1 153375 85453 154312 84375
ROAD 1 154312 84375 157722 84070
ROAD 1 147767 89841 146109 89156
ROAD 1 146109 89156 145031 88031
ROAD 1 145031 88031 144357 87369
ROAD 1 144375 85927 142546 84093
ROAD 1 142546 84093 141000 83578
ROAD 1 141000 83578 140203 82921
ROAD 1 140203 82921 137613 78984
ROAD 1 24890 107853 23765 107953
ROAD 1 23765 107953 22593 106500
ROAD 1 22593 106500 21421 105796
ROAD 1 21421 105796 19125 106125
ROAD 1 19125 106125 16312 107531
ROAD 1 16312 107531 15984 108468
ROAD 1 15984 108468 9796 113062
ROAD 2 5824 124201 7757 124300
ROAD 1 8449 123246 8455 122841
ROAD 1 8794 124992 8783 125578
ROAD 1 8455 122841 9609 121593
ROAD 1 9609 121593 9937 119671
ROAD 1 9937 119671 8531 115453
ROAD 1 9796 113062 8531 115453
ROAD 1 72375 132000 72363 131683
ROAD 1 72363 132726 72363 133148
ROAD 1 67693 138246 67693 137794
ROAD 1 68519 138339 68947 137888
ROAD 1 67300 140748 67294 141199
ROAD 1 67693 137794 68695 135304
ROAD 1 68695 135304 72363 133148
ROAD 1 72363 131683 69750 126093
ROAD 1 69750 126093 70218 124359
ROAD 1 70218 124359 70359 121687
ROAD 1 70359 121687 66703 116015
ROAD 1 66703 116015 65625 112125
ROAD 1 65625 112125 66140 109593
ROAD 1 66140 109593 66814 107132
ROAD 1 66375 146988 66433 146589
ROAD 1 66433 146589 67277 145792
ROAD 1 66375 147738 66351 148300
ROAD 1 67294 141199 67570 144187
ROAD 1 67570 144187 67277 145792
ROAD 1 66597 151921 66597 152238
ROAD 1 66597 151804 66597 151511
ROAD 1 66351 148300 66597 151511
ROAD 1 66339 138480 64710 137683
ROAD 1 65589 168492 64593 167402
ROAD 1 65730 170660 65343 171820
ROAD 1 66949 168246 66960 167654
ROAD 1 68003 168949 68572 168937
ROAD 1 63433 174908 63732 174902
ROAD 1 63304 174902 62982 174902
ROAD 1 61693 180246 61705 179748
ROAD 1 60322 180486 59472 180011
ROAD 1 62050 182748 62044 183375
ROAD 1 62044 183375 62015 191765
ROAD 1 61705 179748 62250 177703
ROAD 1 62250 177703 62015 175734
ROAD 1 62015 175734 62982 174902
ROAD 1 63732 174902 65109 174187
ROAD 1 65109 174187 65343 171820
ROAD 1 66597 152238 63046 156890
ROAD 1 63046 156890 63515 159843
ROAD 1 63515 159843 65531 162890
ROAD 1 65531 162890 65625 164437
ROAD 1 65625 164437 65578 165750
ROAD 1 66960 167654 65578 165750
ROAD 1 36339 109986 35701 109529
ROAD 1 37171 110507 37816 111146
ROAD 2 37007 109833 37394 109289
ROAD 1 43160 121007 43828 121664
ROAD 1 43828 121664 45210 121851
ROAD 1 42339 120503 41589 119765
ROAD 2 44812 121195 45000 121195
ROAD 2 45000 121195 45210 121851
ROAD 1 41589 119765 36468 116625
ROAD 1 36468 116625 36375 114703
ROAD 1 36375 114703 37816 111146
ROAD 1 35701 109529 31031 106593
ROAD 1 31031 106593 29109 106687
ROAD 1 29109 106687 26830 107103
ROAD 2 37394 109289 42000 107437
ROAD 2 42000 107437 44531 106125
ROAD 2 44531 106125 44765 105609
ROAD 2 44765 105609 46171 104156
ROAD 2 46171 104156 46687 103875
ROAD 2 46687 103875 50390 103125
ROAD 2 66410 105550 62578 104671
ROAD 2 62578 104671 60187 103125
ROAD 2 60187 103125 57421 102234
ROAD 2 57421 102234 50390 103125
ROAD 1 64710 137683 63000 135843
ROAD 1 63000 135843 60046 131484
ROAD 1 60046 131484 56015 127359
ROAD 1 56015 127359 53578 124593
ROAD 1 53578 124593 50437 122812
ROAD 1 45210 121851 50437 122812
ROAD 2 14068 145201 15996 145294
ROAD 1 16089 144492 14994 144017
ROAD 1 17507 144333 18199 143800
ROAD 1 31828 143097 31505 143091
ROAD 1 31945 143097 32220 143121
ROAD 1 32736 142910 32572 143115
ROAD 1 32572 143115 32220 143121
ROAD 1 34171 142746 34921 142945
ROAD 1 34921 142945 36363 142828
ROAD 1 36363 142828 37652 144128
ROAD 1 37652 144128 38859 145265
ROAD 1 14994 144017 9187 137859
ROAD 1 9187 137859 5671 132796
ROAD 1 5671 132796 6656 128812
ROAD 1 6656 128812 8390 126750
ROAD 1 8783 125578 8390 126750
ROAD 1 31505 143091 27000 143156
ROAD 1 18199 143800 27000 143156
ROAD 1 64593 167402 63562 166171
ROAD 1 63562 166171 60890 164109
ROAD 1 60890 164109 59812 164015
ROAD 1 59812 164015 58265 162562
ROAD 1 58265 162562 57234 161296
ROAD 1 57234 161296 57234 159140
ROAD 1 57234 159140 57140 156421
ROAD 1 57140 156421 57468 154453
ROAD 1 57468 154453 57187 153281
ROAD 1 57187 153281 55921 153046
ROAD 1 55921 153046 54468 152062
ROAD 1 54468 152062 53718 151640
ROAD 1 53718 151640 53250 150515
ROAD 1 53250 150515 52406 150703
ROAD 1 52406 150703 52078 151734
ROAD 1 52078 151734 51234 152109
ROAD 1 51234 152109 50812 151593
ROAD 1 50812 151593 49734 150890
ROAD 1 49734 150890 48562 150421
ROAD 1 48562 150421 47765 149437
ROAD 1 47765 149437 47015 148687
ROAD 1 47015 148687 45843 148921
ROAD 1 45843 148921 44859 148359
ROAD 1 44859 148359 43875 147984
ROAD 1 43875 147984 43453 147046
ROAD 1 43453 147046 42375 146718
ROAD 1 42375 146718 41625 145734
ROAD 1 41625 145734 40359 145265
ROAD 1 40359 145265 38859 145265
ROAD 2 42492 121160 41648 122156
ROAD 2 32595 141480 32039 140542
ROAD 2 32039 140542 32460 139019
ROAD 2 32460 139019 32050 139195
ROAD 2 32460 139019 32953 137414
ROAD 2 32953 137414 35531 136312
ROAD 2 35531 136312 35671 135210
ROAD 2 35671 135210 35648 133453
ROAD 2 35648 133453 36515 132164
ROAD 2 36515 132164 36890 129867
ROAD 2 36890 129867 36093 127992
ROAD 2 36093 127992 38390 124429
ROAD 2 38390 124429 41648 122156
ROAD 1 11542 177164 11226 177164
ROAD 1 11683 177152 12000 177152
ROAD 1 14261 177363 12000 177152
ROAD 1 14988 177375 15515 177375
ROAD 1 11226 177164 7171 176718
ROAD 1 7171 176718 5531 175921
ROAD 1 5531 175921 0 175921
ROAD 1 15515 177375 18843 179437
ROAD 1 18843 179437 20531 181500
ROAD 1 20531 181500 21750 183375
ROAD 1 21750 183375 28125 183468
ROAD 1 28125 183468 34218 183000
ROAD 1 34218 183000 44343 184218
ROAD 1 59472 180011 57656 180468
ROAD 1 57656 180468 55875 183375
ROAD 1 55875 183375 44343 184218
ROAD 2 74250 108386 73863 108386
ROAD 2 74976 108375 75316 108386
ROAD 2 93058 118658 92062 118687
ROAD 2 92062 118687 91406 117937
ROAD 2 91406 117937 90984 116812
ROAD 2 90984 116812 90093 116484
ROAD 2 90093 116484 88406 116812
ROAD 2 88406 116812 87421 115640
ROAD 2 87421 115640 87328 114750
ROAD 2 86718 114046 86203 112171
ROAD 2 86718 114046 87328 114750
ROAD 2 86203 112171 83812 111843
ROAD 2 83812 111843 83578 112640
ROAD 2 83578 112640 83625 113953
ROAD 2 83625 113953 83015 114796
ROAD 2 83015 114796 80625 113953
ROAD 2 80625 113953 78656 111890
ROAD 2 78656 111890 76359 110109
ROAD 2 76359 110109 75421 109593
ROAD 2 75421 109593 75316 108386
ROAD 2 69345 105269 70031 105703
ROAD 2 70031 105703 70828 106453
ROAD 2 70828 106453 71531 107296
ROAD 2 71531 107296 72187 108187
ROAD 2 72187 108187 72796 108421
ROAD 2 72796 108421 73863 108386
ROAD 2 85851 129726 85851 130148
ROAD 2 85851 130148 86718 130007
ROAD 2 85875 128976 85664 128179
ROAD 2 88406 116812 87000 119765
ROAD 2 87000 119765 87046 122953
ROAD 2 87046 122953 87000 124125
ROAD 2 87000 124125 85968 125015
ROAD 2 85968 125015 85593 126234
ROAD 2 85593 126234 85664 128179
ROAD 1 97828 129597 97500 129597
ROAD 1 97945 129597 98232 129591
ROAD 1 88171 136769 89273 137566
ROAD 1 88007 135328 88183 134636
ROAD 1 86589 135492 85898 135140
ROAD 1 85171 135152 85470 135152
ROAD 1 85898 135140 85470 135152
ROAD 1 85048 135152 84714 135152
ROAD 1 68947 137888 71765 135984
ROAD 1 71765 135984 74671 134625
ROAD 1 74671 134625 77812 134156
ROAD 1 77812 134156 84714 135152
ROAD 2 72363 133148 74671 134625
ROAD 1 88183 134636 88359 133968
ROAD 1 88359 133968 89390 133125
ROAD 1 89390 133125 90515 132890
ROAD 1 90515 132890 91921 133359
ROAD 1 91921 133359 92718 132703
ROAD 1 92718 132703 93609 131671
ROAD 1 93609 131671 97500 129597
ROAD 2 90515 132890 89765 131203
ROAD 2 89765 131203 88031 130968
ROAD 2 88031 130968 87187 130453
ROAD 2 87187 130453 86718 130007
ROAD 1 98232 129591 98578 128765
ROAD 1 98578 128765 98859 127546
ROAD 1 98859 127546 98578 125296
ROAD 1 98578 125296 97734 124359
ROAD 1 97734 124359 97125 123421
ROAD 1 97125 123421 96931 120691
ROAD 1 109646 182671 109359 182666
ROAD 1 110173 182671 110589 182671
ROAD 1 106634 169166 106224 169154
ROAD 1 107173 169171 107806 169171
ROAD 1 101753 181910 101203 183761
ROAD 1 103160 181757 104777 182191
ROAD 1 103019 180328 103605 178910
ROAD 1 109359 182666 104777 182191
ROAD 1 101203 183761 100921 191859
ROAD 1 98742 172910 98179 173812
ROAD 1 100148 172757 101273 174046
ROAD 1 100019 171328 100957 170273
ROAD 1 98589 171492 97687 170402
ROAD 1 101273 174046 103605 178910
ROAD 1 100957 170273 106224 169154
ROAD 1 73072 168597 72738 168591
ROAD 1 73201 168597 73587 168585
ROAD 2 71824 168457 72205 168439
ROAD 2 72205 168439 72738 168591
ROAD 1 68572 168937 71343 169359
ROAD 1 71343 169359 72738 168591
ROAD 1 73587 168585 74718 168000
ROAD 1 74718 168000 77343 168093
ROAD 1 77343 168093 78796 171187
ROAD 1 78796 171187 79453 173953
ROAD 1 79453 173953 80671 175171
ROAD 1 80671 175171 82265 177468
ROAD 1 82265 177468 84984 180234
ROAD 1 84984 180234 87750 180890
ROAD 1 87750 180890 98179 173812
ROAD 1 98109 154927 98091 155285
ROAD 1 98097 154792 98103 154453
ROAD 1 98736 152660 98390 153486
ROAD 1 98390 153486 98103 154453
ROAD 1 97687 170402 96843 160968
ROAD 1 96843 160968 98091 155285
ROAD 1 98589 151230 97546 150503
ROAD 1 100171 152507 101261 154429
ROAD 2 100007 151089 100769 150492
ROAD 2 105468 153597 105714 153585
ROAD 2 105316 153585 105011 153597
ROAD 2 105714 153585 108011 153386
ROAD 2 108738 153363 109148 153375
ROAD 1 105457 157347 105726 157335
ROAD 1 105328 157347 104941 157324
ROAD 1 108304 153662 108328 154078
ROAD 1 108398 153105 108492 152806
ROAD 1 101261 154429 104941 157324
ROAD 2 105011 153597 104625 152765
ROAD 2 104625 152765 104718 151734
ROAD 2 104718 151734 100769 150492
ROAD 1 97546 150503 94359 147421
ROAD 1 94359 147421 93281 143437
ROAD 1 93281 143437 92953 140625
ROAD 1 92953 140625 90796 139781
ROAD 1 90796 139781 89273 137566
ROAD 2 100769 150492 102140 148078
ROAD 2 102140 148078 100218 142921
ROAD 2 100218 142921 100171 138468
ROAD 2 97500 129597 97218 131250
ROAD 2 97218 131250 98296 134765
ROAD 2 98296 134765 100171 138468
ROAD 2 97125 123421 97546 122484
ROAD 2 97546 122484 100031 120890
ROAD 2 100031 120890 101484 119671
ROAD 2 101484 119671 101718 118968
ROAD 2 101718 118968 103218 118640
ROAD 2 103218 118640 103921 119296
ROAD 2 103921 119296 104296 119812
ROAD 2 104296 119812 105140 119531
ROAD 2 105140 119531 105796 118921
ROAD 2 105796 118921 107156 118828
ROAD 2 107156 118828 108703 118125
ROAD 2 108703 118125 110109 118078
ROAD 2 110109 118078 110859 118687
ROAD 2 110859 118687 111843 118875
ROAD 2 111843 118875 112546 119156
ROAD 2 112546 119156 112962 120140
ROAD 1 128589 123492 127652 122812
ROAD 1 129410 124007 130066 124593
ROAD 2 131074 122683 131250 122671
ROAD 2 131250 122671 131390 122917
ROAD 2 131390 122917 131179 123234
ROAD 2 131179 123234 130523 123339
ROAD 2 130523 123339 129703 122953
ROAD 2 129703 122953 129246 123328
ROAD 1 110847 148916 110835 149220
ROAD 1 110853 148798 110841 148494
ROAD 1 113478 121892 114656 124125
ROAD 1 114656 124125 115453 126750
ROAD 1 115453 126750 116203 129093
ROAD 1 116203 129093 117187 131343
ROAD 1 117187 131343 116859 133359
ROAD 1 110841 148494 110953 145734
ROAD 1 110953 145734 112359 143062
ROAD 1 112359 143062 113343 142031
ROAD 1 113343 142031 114421 141000
ROAD 1 114421 141000 115406 140250
ROAD 1 115406 140250 116812 136781
ROAD 1 116812 136781 116859 133359
ROAD 1 108492 152806 109031 152390
ROAD 1 109031 152390 109125 150796
ROAD 1 109125 150796 109640 150187
ROAD 1 109640 150187 110390 149953
ROAD 1 110390 149953 110835 149220
ROAD 1 109078 159492 108257 159199
ROAD 1 109757 159328 110156 158589
ROAD 1 109910 160007 110437 160500
ROAD 1 113753 166910 113027 167753
ROAD 1 115183 166757 116179 167355
ROAD 1 113589 165492 112781 164660
ROAD 1 118945 170097 119220 170097
ROAD 1 118822 170097 118371 170097
ROAD 1 118371 170097 116179 167355
ROAD 1 113027 167753 107806 169171
ROAD 1 112781 164660 110437 160500
ROAD 1 108257 159199 105726 157335
ROAD 1 110156 158589 108328 154078
ROAD 2 139599 139101 138978 139119
ROAD 1 139875 138755 139875 138404
ROAD 1 139886 139488 139880 140021
ROAD 2 138562 139951 138785 139945
ROAD 2 138785 139945 138978 139119
ROAD 1 153457 150597 153820 150585
ROAD 1 153316 150585 153000 150574
ROAD 1 153000 150574 152132 150351
ROAD 1 152132 150351 150351 150304
ROAD 1 155238 150375 154957 150369
ROAD 1 154957 150369 153820 150585
ROAD 1 155982 150380 156363 150386
ROAD 1 115968 121535 117656 122953
ROAD 1 117656 122953 119625 122859
ROAD 1 119625 122859 120609 121359
ROAD 1 120609 121359 121781 120890
ROAD 1 121781 120890 122531 121171
ROAD 1 122531 121171 122906 121828
ROAD 1 122906 121828 123703 122531
ROAD 1 123703 122531 124359 123281
ROAD 1 124359 123281 125437 123703
ROAD 1 125437 123703 126281 122953
ROAD 1 126281 122953 127652 122812
ROAD 2 132750 141363 132386 141339
ROAD 2 133488 141375 133992 141375
ROAD 2 133992 141375 135750 140578
ROAD 2 135750 140578 136875 138984
ROAD 2 138978 139119 136875 138984
ROAD 1 139875 138404 140906 138093
ROAD 1 140906 138093 141421 137156
ROAD 1 141421 137156 141421 135796
ROAD 1 141421 135796 141937 135328
ROAD 1 141937 135328 142218 134250
ROAD 1 142218 134250 141375 132656
ROAD 1 141375 132656 137578 133125
ROAD 1 137578 133125 135796 133125
ROAD 1 135796 133125 134015 132937
ROAD 1 134015 132937 132609 132421
ROAD 1 132609 132421 131953 128578
ROAD 1 130066 124593 131953 128578
ROAD 2 132386 141339 128859 143625
ROAD 2 128859 143625 125906 144234
ROAD 2 125906 144234 123093 146156
ROAD 2 109148 153375 113718 154640
ROAD 2 113718 154640 114984 153937
ROAD 2 114984 153937 116203 152109
ROAD 2 116203 152109 118078 150140
ROAD 2 118078 150140 120703 149109
ROAD 2 120703 149109 123093 146156
ROAD 1 150351 150304 147421 147796
ROAD 1 147421 147796 146625 145828
ROAD 1 146625 145828 143296 142406
ROAD 1 143296 142406 141750 141421
ROAD 1 141750 141421 139921 140906
ROAD 1 139880 140021 139921 140906
ROAD 1 127505 187875 127072 187875
ROAD 1 128250 187880 128906 187880
ROAD 2 127898 187605 127898 187130
ROAD 1 127072 187875 119578 185062
ROAD 1 119578 185062 110589 182671
ROAD 2 127898 187130 131625 176531
ROAD 1 119220 170097 131625 176531
ROAD 1 141322 184353 140994 184347
ROAD 1 141439 184347 141738 184347
ROAD 1 143736 182666 143244 183984
ROAD 1 142945 182097 143501 182056
ROAD 1 142828 182097 142435 182103
ROAD 2 142435 182103 142482 181300
ROAD 2 142482 181300 142312 181189
ROAD 1 145347 180421 145341 180679
ROAD 1 145341 180679 145019 181089
ROAD 1 145347 180304 145347 179970
ROAD 1 131625 176531 139289 181640
ROAD 1 139289 181640 142435 182103
ROAD 1 141738 184347 143244 183984
ROAD 1 128906 187880 137250 185437
ROAD 1 140994 184347 139289 184570
ROAD 1 139289 184570 137250 185437
ROAD 1 157652 165310 157658 165023
ROAD 1 157652 165445 157640 165720
ROAD 1 157757 166839 157951 166447
ROAD 1 157951 166447 157640 165720
ROAD 1 153298 169658 153005 169652
ROAD 1 153421 169658 153750 169658
ROAD 1 156492 168410 156017 168984
ROAD 1 159427 168902 159732 168908
ROAD 1 159298 168896 159041 168896
ROAD 1 159041 168896 157898 168263
ROAD 1 191906 179062 187406 177468
ROAD 1 187406 177468 186187 175687
ROAD 1 186187 175687 182625 175265
ROAD 1 182625 175265 180515 174890
ROAD 1 180515 174890 178687 174703
ROAD 1 178687 174703 175265 173015
ROAD 1 159732 168908 160593 169265
ROAD 1 160593 169265 162609 169265
ROAD 1 162609 169265 164671 169031
ROAD 1 164671 169031 168609 169500
ROAD 1 168609 169500 171750 170953
ROAD 1 175265 173015 171750 170953
ROAD 1 153750 169658 156017 168984
ROAD 1 153005 169652 152390 170015
ROAD 1 152390 170015 151781 171140
ROAD 1 151781 171140 150984 172031
ROAD 1 150984 172031 150281 172875
ROAD 1 150281 172875 149203 173437
ROAD 1 149203 173437 148734 174890
ROAD 1 148734 174890 147937 175640
ROAD 1 147937 175640 146390 176953
ROAD 1 146390 176953 145218 178078
ROAD 1 145218 178078 145347 179970
ROAD 1 157658 165023 158625 164015
ROAD 1 158625 164015 158718 161953
ROAD 1 158718 161953 158437 160500
ROAD 1 158437 160500 157218 158578
ROAD 1 157218 158578 155250 157078
ROAD 1 155250 157078 155625 155859
ROAD 1 155625 155859 155859 154968
ROAD 1 155859 154968 156656 154312
ROAD 1 156656 154312 158062 153328
ROAD 1 158062 153328 159000 153093
ROAD 1 158625 152250 158625 152109
ROAD 1 159000 153093 158625 152250
ROAD 1 158625 152109 157828 150890
ROAD 1 157828 150890 156363 150386
TOWN 2 105375 2625
TOWN 2 46875 40968
TOWN 2 95600 22850
TOWN 1 129375 3328
TOWN 2 175171 35671
TOWN 2 163171 35671
TOWN 2 153421 37968
TOWN 1 121171 24421
TOWN 2 78375 43875
TOWN 2 71671 28921
TOWN 2 42421 44625
TOWN 2 28921 47671
TOWN 2 28921 65671
TOWN 2 45421 54468
TOWN 2 135421 55171
TOWN 2 74625 108421
TOWN 2 124171 103875
TOWN 2 85875 129375
TOWN 1 87375 136171
TOWN 2 72421 132468
TOWN 2 108421 153421
TOWN 5 102000 33000
TOWN 5 36375 139875
TOWN 5 28125 154875
TOWN 5 22195 123445
TOWN 5 16500 7500
TOWN 5 28500 8250
TOWN 5 57750 17250
TOWN 5 66750 10546
TOWN 5 71250 19500
TOWN 5 80343 27750
TOWN 5 96000 24093
TOWN 5 114750 20296
TOWN 5 122296 27046
TOWN 5 121593 22546
TOWN 5 140343 28546
TOWN 5 136546 23296
TOWN 5 133640 27046
TOWN 5 138046 18796
TOWN 5 157500 24796
TOWN 5 153046 30843
TOWN 5 170250 30000
TOWN 5 181500 17296
TOWN 5 174046 36796
TOWN 5 163546 36796
TOWN 4 44625 121125
TOWN 2 22125 33375
TOWN 1 8625 31875
TOWN 2 58125 16125
TOWN 2 67125 10125
TOWN 2 67875 17625
TOWN 4 118125 23625
TOWN 2 115875 19875
TOWN 1 156375 22125
TOWN 1 135375 28125
TOWN 2 152625 28875
TOWN 1 169875 28125
TOWN 1 178125 55875
TOWN 4 175875 55125
TOWN 1 159375 85125
TOWN 1 136125 77625
TOWN 2 144375 86625
TOWN 2 164625 91125
TOWN 1 188625 85875
TOWN 2 94125 98625
TOWN 2 91875 103875
TOWN 1 67875 105375
TOWN 4 130875 122625
TOWN 1 95625 119625
TOWN 4 5625 124125
TOWN 2 139875 139125
TOWN 4 138375 139875
TOWN 2 66375 147375
TOWN 1 33375 142125
TOWN 4 31875 139125
TOWN 1 16875 145125
TOWN 4 13875 145125
TOWN 2 155625 150375
TOWN 1 157125 167625
TOWN 2 14625 177375
TOWN 1 102375 181125
TOWN 1 144375 181875
TOWN 4 142125 181101
TOWN 2 127875 187875
TOWN 4 71625 168375
TOWN 1 8953 124125
TOWN 1 67453 139546
TOWN 1 66750 169546
TOWN 1 61828 181500
TOWN 1 77250 22078
TOWN 1 102375 64125
TOWN 2 104250 72750
TOWN 1 114421 120796
TOWN 1 99328 151875
TOWN 1 114421 166125
TOWN 1 99375 172125
TOWN 1 136875 21000
TOWN 1 182625 79171
TOWN 1 48000 27375
TOWN 1 28500 71648
TOWN 2 25494 106500
TOWN 4 31078 79171
TOWN 3 27656 73265
TOWN 1 60750 65636
TOWN 2 17578 64148
TOWN 2 83250 57005
TOWN 1 114375 5994
TOWN 3 118640 23566
TOWN 3 176742 54597
TOWN 2 36755 110261
TOWN 2 42738 120761
TOWN 3 45199 121851
TOWN 3 32449 139031
TOWN 3 88406 116812
TOWN 3 74625 134625
TOWN 3 90515 132843
TOWN 3 72738 168591
TOWN 3 100687 150468
TOWN 3 97476 129609
TOWN 3 97171 123375
TOWN 2 128988 123761
TOWN 2 109500 159761
TOWN 3 138972 139119
TOWN 2 133125 141363
TOWN 3 131625 176531
TOWN 3 142423 182097
