ROAD 1 48984 97171 45046 101015
ROAD 1 44296 101062 43406 101671
ROAD 1 43406 101671 43500 103218
ROAD 1 43500 103218 45093 106734
ROAD 1 45093 106734 44625 109546
ROAD 1 44625 109546 43875 110250
ROAD 1 43875 110250 43968 112031
ROAD 1 44296 101062 44578 101097
ROAD 1 44689 101103 45046 101015
ROAD 1 43699 112751 43705 112353
ROAD 1 43705 112353 43968 112031
ROAD 1 49652 114424 49508 114424
ROAD 1 50165 114424 50408 114421
ROAD 1 44753 114949 45076 114943
ROAD 1 45076 114943 45717 114459
ROAD 1 45717 114459 47109 114539
ROAD 1 47109 114539 48328 114468
ROAD 1 48328 114468 49508 114424
ROAD 1 61479 107853 62906 108843
ROAD 1 60758 107841 59156 106921
ROAD 1 59156 106921 57492 107062
ROAD 1 57492 107062 51351 113437
ROAD 1 51351 113437 50408 114421
ROAD 2 43007 114550 42416 114509
ROAD 2 35660 93257 36058 93914
ROAD 2 36058 93914 37078 98250
ROAD 2 37078 98250 35812 99703
ROAD 2 35812 99703 36140 102562
ROAD 2 36140 102562 38671 106031
ROAD 2 38671 106031 40078 108515
ROAD 2 40078 108515 40875 109546
ROAD 2 42416 114509 41718 113296
ROAD 2 41718 113296 41578 111890
ROAD 2 41578 111890 40875 109546
ROAD 1 34350 94069 34350 93837
ROAD 1 34350 94166 34350 94497
ROAD 1 34992 93404 34880 93679
ROAD 1 34880 93679 34350 93837
ROAD 1 34350 94497 31500 100406
ROAD 1 31500 100406 30140 101320
ROAD 1 30140 101320 29812 101742
ROAD 1 29812 101742 29109 101859
ROAD 1 29109 101859 28031 102539
ROAD 1 28031 102539 27375 104906
ROAD 1 27375 104906 27257 107250
ROAD 1 27257 107250 26789 107859
ROAD 1 26789 107859 25195 109476
ROAD 1 25195 109476 25125 110648
ROAD 1 24996 111339 25125 110648
ROAD 1 25350 112819 25359 112482
ROAD 1 25163 112010 25359 112221
ROAD 1 25359 112221 25359 112482
ROAD 1 25350 112918 25341 113235
ROAD 1 25839 133986 25300 133453
ROAD 1 25300 133453 24492 132632
ROAD 1 24492 132632 24609 130898
ROAD 1 24609 130898 25710 125132
ROAD 1 25710 125132 26953 123117
ROAD 1 26953 123117 26250 119132
ROAD 1 26250 119132 24234 115664
ROAD 1 24234 115664 24445 114093
ROAD 1 24445 114093 25341 113235
ROAD 2 43001 115300 42521 115294
ROAD 2 42521 115294 41255 115107
ROAD 2 41255 115107 38296 115593
ROAD 2 38296 115593 36562 116859
ROAD 2 36562 116859 36281 118031
ROAD 2 36281 118031 35859 123093
ROAD 2 35859 123093 35578 125109
ROAD 2 35578 125109 34640 126093
ROAD 2 34640 126093 34312 127031
ROAD 2 34312 127031 33468 128203
ROAD 2 33468 128203 33187 128671
ROAD 2 33187 128671 32625 129281
ROAD 2 32625 129281 31171 131156
ROAD 2 31171 131156 30328 132093
ROAD 2 30328 132093 28921 133312
ROAD 2 28007 133839 28921 133312
ROAD 2 28171 135996 29132 136371
ROAD 2 26003 136160 25441 136640
ROAD 1 27550 136242 27585 136962
ROAD 2 40078 108515 38203 108515
ROAD 2 38203 108515 35203 110390
ROAD 2 35203 110390 31968 110484
ROAD 2 31968 110484 30750 110156
ROAD 2 30750 110156 29953 110484
ROAD 2 29953 110484 28546 111937
ROAD 2 26560 111908 26250 111902
ROAD 2 25341 111802 26250 111902
ROAD 2 26660 111908 26964 111902
ROAD 2 26964 111902 28546 111937
ROAD 1 21603 172916 21591 173191
ROAD 1 21591 173191 21263 173586
ROAD 1 20736 174413 20545 174729
ROAD 2 21413 174260 21711 174676
ROAD 2 21594 174058 21738 174055
ROAD 1 22836 163353 22643 163350
ROAD 1 22933 163353 23194 163350
ROAD 1 27779 156609 28078 156597
ROAD 1 28183 156597 28529 156591
ROAD 1 27585 136962 27562 138703
ROAD 1 27562 138703 27984 141937
ROAD 1 27984 141937 30046 142218
ROAD 1 30046 142218 30375 142781
ROAD 1 30375 142781 30468 145921
ROAD 1 30468 145921 30421 148875
ROAD 1 30421 148875 30375 152062
ROAD 1 30375 152062 30421 153937
ROAD 1 30421 153937 29578 155906
ROAD 1 29578 155906 28529 156591
ROAD 1 27779 156609 26296 157171
ROAD 1 21603 172822 21609 172517
ROAD 1 21609 172517 22312 170859
ROAD 1 22312 170859 21656 169781
ROAD 1 21656 169781 20109 168421
ROAD 1 20109 168421 19218 168046
ROAD 1 19218 168046 19265 165843
ROAD 1 19265 165843 20671 164203
ROAD 1 20671 164203 21750 163265
ROAD 1 21750 163265 22643 163350
ROAD 1 23194 163350 24937 162984
ROAD 1 24937 162984 25265 162328
ROAD 1 25265 162328 25031 160359
ROAD 1 25031 160359 25125 158390
ROAD 1 25125 158390 26296 157171
ROAD 1 14976 183375 15386 183328
ROAD 1 15386 183328 16511 181675
ROAD 1 16511 181675 16804 181664
ROAD 1 16921 181664 17214 181640
ROAD 1 14261 183363 11601 183328
ROAD 1 8601 185976 9914 184828
ROAD 1 9914 184828 11601 183328
ROAD 1 17214 181640 20545 174729
ROAD 2 27375 104906 26156 103171
ROAD 2 26156 103171 23906 102843
ROAD 2 23906 102843 23296 102468
ROAD 2 23296 102468 22265 99750
ROAD 2 22265 99750 25031 96609
ROAD 2 25031 96609 23906 94265
ROAD 2 23906 94265 21140 92953
ROAD 2 20660 90246 21023 90527
ROAD 2 21140 92953 21023 90527
ROAD 2 8238 116619 9029 115693
ROAD 2 9029 115693 9310 115652
ROAD 2 9416 115652 9720 115646
ROAD 2 21023 114615 21339 114603
ROAD 2 21439 114597 21720 114591
ROAD 2 24492 112160 23806 112728
ROAD 2 23806 112728 21720 114591
ROAD 2 21023 114615 20390 115429
ROAD 2 20390 115429 17531 115734
ROAD 2 17531 115734 14929 116648
ROAD 2 14929 116648 13640 116765
ROAD 2 13640 116765 12445 117398
ROAD 2 12445 117398 11695 117000
ROAD 2 11695 117000 11203 116460
ROAD 2 11203 116460 9720 115646
ROAD 2 25441 136640 23953 136265
ROAD 2 23953 136265 22171 136265
ROAD 2 22171 136265 21843 137156
ROAD 2 21843 137156 18515 137296
ROAD 2 18515 137296 10875 137531
ROAD 2 30750 184593 30750 182812
ROAD 2 30750 182812 28218 181500
ROAD 2 22810 174158 22500 174152
ROAD 2 22921 174152 23361 174158
ROAD 2 27597 180416 27597 180656
ROAD 2 27597 180656 28218 181500
ROAD 2 27597 180310 27609 180041
ROAD 2 21711 174676 22593 175640
ROAD 2 22593 175640 24421 175781
ROAD 2 24421 175781 25312 177000
ROAD 2 25312 177000 25359 178828
ROAD 2 25359 178828 27609 180041
ROAD 2 21738 174055 22500 174152
ROAD 2 23361 174158 25640 173953
ROAD 2 28816 172658 28511 172652
ROAD 2 28910 172658 29238 172658
ROAD 2 28511 172652 25640 173953
ROAD 2 32408 171339 32414 171035
ROAD 2 32402 171439 32402 171720
ROAD 2 32402 171720 31429 172183
ROAD 2 31429 172183 29238 172658
ROAD 2 37089 165597 36761 165597
ROAD 2 37183 165603 37500 165591
ROAD 2 36761 165597 34664 167765
ROAD 2 34664 167765 32414 171035
ROAD 2 37500 165591 38531 165375
ROAD 2 38531 165375 41179 165398
ROAD 2 41179 165398 43500 163171
ROAD 2 43500 163171 46453 163148
ROAD 2 46453 163148 47507 163031
ROAD 2 47736 161660 47595 162035
ROAD 2 47595 162035 47507 163031
ROAD 2 48597 160171 48580 160453
ROAD 2 48580 160453 48246 160839
ROAD 2 48603 160066 48626 159738
ROAD 2 49347 154166 49347 154476
ROAD 2 49353 154066 49371 153744
ROAD 2 49869 151482 49857 151710
ROAD 2 49863 150750 49851 150421
ROAD 2 49851 150421 49283 150175
ROAD 2 48626 159738 49523 158250
ROAD 2 49523 158250 49347 154476
ROAD 2 49371 153744 49857 151710
ROAD 2 29132 136371 33281 137437
ROAD 2 33281 137437 34406 138187
ROAD 2 34406 138187 36093 140156
ROAD 2 36093 140156 36750 140671
ROAD 2 36750 140671 39937 140718
ROAD 2 39937 140718 41718 143343
ROAD 2 41718 143343 43218 144890
ROAD 2 43218 144890 44343 146062
ROAD 2 44343 146062 45703 148031
ROAD 2 45703 148031 46453 149437
ROAD 2 46813 149399 46453 149437
ROAD 2 46916 149402 47229 149408
ROAD 2 47229 149408 49283 150175
ROAD 2 47941 161841 48011 162474
ROAD 2 48410 161513 48773 161830
ROAD 2 48773 161830 49072 161847
ROAD 2 49189 161853 49458 161853
ROAD 2 48011 162474 50156 167718
ROAD 2 50156 167718 51656 168843
ROAD 2 51656 168843 53109 170343
ROAD 2 53109 170343 54562 171843
ROAD 2 54562 171843 55781 172312
ROAD 2 55781 172312 56578 174703
ROAD 2 56578 174703 56625 177234
ROAD 2 56625 177234 56437 180656
ROAD 2 60984 189328 58687 188250
ROAD 2 58687 188250 57421 186187
ROAD 2 57421 186187 56437 184453
ROAD 2 56437 184453 56437 180656
ROAD 2 49458 161853 51375 161625
ROAD 2 51375 161625 52031 160406
ROAD 2 52031 160406 56906 158390
ROAD 2 56906 158390 57984 158812
ROAD 2 69755 104375 70063 104399
ROAD 2 70168 104402 70461 104408
ROAD 2 74097 109505 74097 109810
ROAD 2 74103 109916 74103 110238
ROAD 2 82048 116156 82095 116513
ROAD 2 82095 116513 82347 117029
ROAD 2 82347 117029 82353 117316
ROAD 2 82347 117421 82347 117726
ROAD 2 82142 115599 82119 115283
ROAD 2 79353 126005 79344 126316
ROAD 2 79350 126418 79350 126735
ROAD 2 75767 135134 76063 135149
ROAD 2 76168 135152 76453 135152
ROAD 2 77589 136986 77226 136447
ROAD 1 79160 138257 79517 138615
ROAD 1 84597 147005 84600 147313
ROAD 1 84600 147421 84603 147720
ROAD 2 69755 104375 69093 103453
ROAD 2 69093 103453 70119 99316
ROAD 1 1066 33152 750 33155
ROAD 1 1168 33152 1464 33152
ROAD 1 1746 32800 1532 32794
ROAD 1 1532 32794 1464 33152
ROAD 1 3407 33260 4057 33618
ROAD 1 4083 32103 3931 32103
ROAD 1 3931 32103 3758 32288
ROAD 1 3500 32446 3703 32446
ROAD 1 3703 32446 3758 32288
ROAD 1 4180 32100 4482 32097
ROAD 1 3263 31092 3477 30667
ROAD 1 3152 28936 3149 29217
ROAD 1 3155 28828 3155 28514
ROAD 1 2850 27418 2850 27662
ROAD 1 2853 27319 2841 27032
ROAD 1 3149 29217 3477 30667
ROAD 1 750 33155 11 33181
ROAD 1 3155 28514 3023 28189
ROAD 1 3023 28189 3000 27861
ROAD 1 3000 27861 2850 27662
ROAD 1 2818 28195 3023 28189
ROAD 1 3369 26232 3369 26384
ROAD 1 3369 26384 3234 26613
ROAD 1 3234 26613 2935 26841
ROAD 1 2935 26841 2841 27032
ROAD 1 3369 25505 3380 25236
ROAD 1 3369 22482 3369 22845
ROAD 1 3369 21750 3345 21398
ROAD 1 3093 22048 2876 22078
ROAD 1 1007 22839 1259 22482
ROAD 1 1259 22482 2876 22078
ROAD 1 1248 25699 1488 25699
ROAD 1 3380 25236 3369 22845
ROAD 1 3345 21398 1792 20027
ROAD 1 1792 20027 11 19523
ROAD 1 3105 25857 2332 25757
ROAD 1 1488 25699 2332 25757
ROAD 1 4810 22658 4570 22652
ROAD 1 3650 22142 3785 22171
ROAD 1 3785 22171 4570 22652
ROAD 1 4910 22658 5197 22658
ROAD 1 15313 18902 15020 18905
ROAD 1 15418 18902 15726 18893
ROAD 1 20583 16347 20291 16341
ROAD 1 20689 16353 20970 16341
ROAD 1 26583 17103 26267 17097
ROAD 1 26689 17103 26947 17097
ROAD 1 33486 13160 33181 13927
ROAD 1 34154 13013 34728 13429
ROAD 1 33251 12544 32630 12539
ROAD 1 32630 12539 31898 13007
ROAD 1 31898 13007 31312 14507
ROAD 1 31312 14507 28757 16851
ROAD 1 28757 16851 26947 17097
ROAD 1 31312 13195 31898 13007
ROAD 1 26267 17097 20970 16341
ROAD 1 20291 16341 15726 18893
ROAD 1 15020 18905 11015 20765
ROAD 1 11015 20765 5197 22658
ROAD 1 55089 11103 54755 11109
ROAD 1 55183 11103 55546 11097
ROAD 1 61189 11103 61500 11097
ROAD 1 61083 11103 60744 11103
ROAD 1 65261 10113 64406 10136
ROAD 1 65988 10125 66228 10125
ROAD 1 61500 11097 64406 10136
ROAD 1 60744 11103 55546 11097
ROAD 1 48304 16382 49898 15046
ROAD 1 49898 15046 51750 13218
ROAD 1 51750 13218 53015 11671
ROAD 1 53015 11671 54755 11109
ROAD 1 48304 16382 43945 16359
ROAD 1 34728 13429 36820 12843
ROAD 1 36820 12843 37781 13406
ROAD 1 37781 13406 40242 16312
ROAD 1 40242 16312 43945 16359
ROAD 2 65601 10400 64851 11578
ROAD 2 64347 13066 64376 12720
ROAD 2 64347 13166 64347 13552
ROAD 1 4057 33618 5742 35789
ROAD 1 5742 35789 7148 36609
ROAD 1 7148 36609 7570 37593
ROAD 1 7570 37593 8578 37945
ROAD 1 8578 37945 8625 38953
ROAD 1 8625 38953 9398 39750
ROAD 1 9398 39750 9468 40664
ROAD 1 9468 40664 7828 43734
ROAD 1 7828 43734 7664 45000
ROAD 1 7664 45726 7851 47390
ROAD 1 7851 47390 7453 50109
ROAD 1 7453 50109 8039 51750
ROAD 1 7664 45726 7649 45436
ROAD 1 7664 45000 7652 45328
ROAD 1 8039 51750 8097 52057
ROAD 1 8100 52171 8097 52467
ROAD 1 7757 57339 8039 56800
ROAD 1 8039 56800 8050 53765
ROAD 1 8050 53765 8097 52467
ROAD 1 7898 59496 8449 60105
ROAD 1 14091 66023 14097 66310
ROAD 1 14100 66418 14094 66741
ROAD 1 14091 66023 13453 62718
ROAD 1 13453 62718 8449 60105
ROAD 1 14449 69996 14460 69656
ROAD 1 15498 71449 16400 71460
ROAD 1 18770 72152 19063 72152
ROAD 1 19482 72152 19168 72152
ROAD 2 13236 72410 12849 73236
ROAD 1 14460 69656 13851 68531
ROAD 1 13851 68531 14094 66741
ROAD 1 16400 71460 18770 72152
ROAD 2 12849 73236 7265 74484
ROAD 2 7265 74484 1781 78796
ROAD 2 1781 78796 2109 81703
ROAD 2 2109 81703 2390 83437
ROAD 2 15893 73479 15905 73183
ROAD 2 15890 72776 15899 73078
ROAD 2 15890 72776 15410 72260
ROAD 1 22344 72770 22347 73066
ROAD 1 22371 73482 22347 73166
ROAD 1 28526 80103 28825 80103
ROAD 1 29229 80100 28936 80100
ROAD 1 32264 81899 32557 81902
ROAD 1 32982 81899 32663 81899
ROAD 1 33339 82230 32982 81899
ROAD 2 33017 79655 33313 79652
ROAD 2 33726 79655 33421 79652
ROAD 2 33943 81993 33955 81621
ROAD 1 35352 83422 35566 83402
ROAD 1 35970 83396 35666 83399
ROAD 1 34907 83510 35091 83604
ROAD 1 35091 83604 35352 83422
ROAD 1 33483 83657 33298 84266
ROAD 2 17097 77270 17097 77563
ROAD 2 17100 77985 17097 77668
ROAD 2 17097 86258 17100 86560
ROAD 2 17100 86979 17097 86666
ROAD 2 19839 89742 19195 88968
ROAD 2 19992 90410 19781 90726
ROAD 2 19781 90726 18691 90667
ROAD 2 17695 90597 17964 90597
ROAD 2 17578 90585 17238 90597
ROAD 2 15017 89856 15328 89850
ROAD 2 15732 89853 15433 89850
ROAD 2 2255 86097 2578 86097
ROAD 2 2976 86115 2689 86097
ROAD 2 1910 85013 2091 85183
ROAD 2 2091 85183 2115 85875
ROAD 2 2115 85875 2255 86097
ROAD 2 1757 84339 2062 83941
ROAD 2 2062 83941 2390 83437
ROAD 2 1101 84492 0 84175
ROAD 2 15893 73479 17097 77270
ROAD 2 17100 77985 18023 80835
ROAD 2 18023 80835 17906 83906
ROAD 2 17906 83906 17062 85078
ROAD 2 17062 85078 17097 86258
ROAD 2 17100 86979 19195 88968
ROAD 2 2976 86115 5906 86109
ROAD 2 5906 86109 9750 84960
ROAD 2 15017 89856 13617 89250
ROAD 2 13617 89250 11789 86414
ROAD 2 11789 86414 9750 84960
ROAD 2 15732 89853 17238 90597
ROAD 2 17964 90597 18691 90667
ROAD 2 21755 89414 22060 89402
ROAD 2 22470 89402 22166 89402
ROAD 2 20507 89589 20800 89308
ROAD 2 20800 89308 21755 89414
ROAD 2 29982 89405 30310 89402
ROAD 2 30729 89405 30418 89402
ROAD 2 29982 89405 25710 89437
ROAD 2 25710 89437 24796 88992
ROAD 2 24796 88992 23437 88593
ROAD 2 23437 88593 22470 89402
ROAD 2 34751 92800 34166 92789
ROAD 1 34839 91986 34101 91353
ROAD 2 30729 89405 32179 90398
ROAD 2 32179 90398 34166 92789
ROAD 1 34101 91353 32765 87398
ROAD 1 33298 84266 32765 87398
ROAD 1 32264 81899 30679 80976
ROAD 1 30679 80976 29229 80100
ROAD 1 28526 80103 23484 77507
ROAD 1 23484 77507 23648 75773
ROAD 1 23648 75773 23507 74625
ROAD 1 23507 74625 22371 73482
ROAD 1 19482 72152 21398 71835
ROAD 1 21398 71835 22344 72770
ROAD 1 39002 84890 39310 84899
ROAD 1 39735 84905 39418 84899
ROAD 1 43508 86408 43813 86402
ROAD 1 44232 86402 43918 86402
ROAD 1 49101 88992 47871 88371
ROAD 1 52757 88839 53507 88019
ROAD 1 50050 90498 50085 91330
ROAD 1 50085 91330 50100 91813
ROAD 1 50100 92241 50100 91918
ROAD 1 47871 88371 44232 86402
ROAD 1 39735 84905 43508 86408
ROAD 1 39002 84890 35970 83396
ROAD 1 54603 84755 54600 85060
ROAD 1 54594 85488 54600 85168
ROAD 1 53507 88019 54594 85488
ROAD 1 58649 78764 58652 79078
ROAD 1 58631 79467 58652 79189
ROAD 1 57890 79875 55078 79593
ROAD 1 55078 79593 54234 78375
ROAD 1 54234 78375 53906 77531
ROAD 1 53906 77531 50437 76125
ROAD 1 50437 76125 49968 73218
ROAD 1 49968 73218 48984 72937
ROAD 1 48984 72937 47437 71343
ROAD 1 47437 71343 44671 69328
ROAD 1 44671 69328 44296 65156
ROAD 2 58992 62648 58875 63328
ROAD 1 58839 61980 58089 61699
ROAD 1 58089 61699 55828 63070
ROAD 1 55828 63070 54679 65671
ROAD 1 54679 65671 52898 66820
ROAD 1 52898 66820 50953 66468
ROAD 1 50399 65581 50408 65276
ROAD 1 50399 65686 50405 65982
ROAD 1 45767 63893 46060 63899
ROAD 1 46166 63902 46479 63902
ROAD 1 45410 64013 45626 64054
ROAD 1 45767 63893 45626 64054
ROAD 1 43992 64160 43875 64552
ROAD 1 43875 64552 44296 65156
ROAD 1 43851 62742 43417 62273
ROAD 1 43417 62273 43242 58640
ROAD 2 43875 64552 43066 65425
ROAD 2 42005 65399 42313 65402
ROAD 2 42416 65402 42741 65416
ROAD 2 42741 65416 43066 65425
ROAD 1 50953 66468 50405 65982
ROAD 1 50408 65276 48890 63937
ROAD 1 48890 63937 47343 64125
ROAD 1 46479 63902 47343 64125
ROAD 2 58804 59542 59156 59097
ROAD 2 59156 59097 59578 59100
ROAD 2 59683 59100 59967 59100
ROAD 2 63612 21005 63597 21307
ROAD 2 63600 21418 63588 21723
ROAD 2 63588 21723 62554 23296
ROAD 2 62554 23296 61464 24363
ROAD 2 61464 24363 60421 25488
ROAD 2 60421 25488 60328 26988
ROAD 2 60328 26988 59343 28078
ROAD 2 59343 28078 58101 29378
ROAD 2 55933 29853 56223 29850
ROAD 2 55608 29853 55828 29850
ROAD 2 56223 29850 57269 29876
ROAD 2 58101 29378 57269 29876
ROAD 2 55608 29853 55289 30117
ROAD 2 55289 30117 55171 31687
ROAD 2 55171 31687 54117 32273
ROAD 2 54117 32273 52687 32250
ROAD 2 52687 32250 49593 32484
ROAD 2 48741 32625 48966 32625
ROAD 2 48008 32625 47528 32619
ROAD 2 48966 32625 49593 32484
ROAD 1 30492 31898 29976 32824
ROAD 1 31921 31746 32378 31886
ROAD 1 32378 31886 33035 31371
ROAD 1 30339 30492 29871 30269
ROAD 1 29871 30269 28898 30539
ROAD 1 31757 30328 32542 29285
ROAD 1 29976 32824 29686 32850
ROAD 1 29583 32850 29232 32847
ROAD 1 26683 30603 26976 30603
ROAD 1 26583 30600 26255 30606
ROAD 1 33035 31371 33325 31347
ROAD 1 33439 31350 33732 31356
ROAD 1 29115 34514 29097 34810
ROAD 1 29097 35232 29100 34918
ROAD 1 16508 33881 16813 33899
ROAD 1 16918 33902 17387 33931
ROAD 1 38841 36011 38847 36313
ROAD 1 39196 36996 39193 36750
ROAD 1 39193 36750 38859 36603
ROAD 1 38859 36603 38850 36421
ROAD 2 40356 35258 40347 35560
ROAD 2 40347 35666 40347 35982
ROAD 2 40013 37089 40242 36544
ROAD 2 40347 35982 40242 36544
ROAD 1 42732 39137 42418 39152
ROAD 1 42313 39152 42008 39143
ROAD 1 40163 39263 40716 39457
ROAD 1 57758 36600 58081 36597
ROAD 1 58189 36600 58473 36600
ROAD 1 11255 33603 11578 33597
ROAD 1 11683 33597 11976 33600
ROAD 1 4482 32097 10078 33351
ROAD 1 10078 33351 11255 33603
ROAD 1 11976 33600 16508 33881
ROAD 1 32094 22508 32097 22813
ROAD 1 32097 22916 32112 23220
ROAD 2 40356 35258 43500 34218
ROAD 2 43500 34218 47528 32619
ROAD 1 40716 39457 42008 39143
ROAD 1 42732 39137 45421 39656
ROAD 1 45421 39656 47250 40125
ROAD 1 47250 40125 49078 40968
ROAD 1 49078 40968 51562 41062
ROAD 1 51562 41062 53578 39328
ROAD 1 53578 39328 53906 38296
ROAD 1 53906 38296 57758 36600
ROAD 1 38841 36011 37312 34125
ROAD 1 37312 34125 36375 32953
ROAD 1 36375 32953 35437 31781
ROAD 1 35437 31781 33732 31356
ROAD 2 38501 38050 37951 38027
ROAD 2 37951 38027 36820 37664
ROAD 2 36820 37664 33468 37570
ROAD 2 33468 37570 31968 37921
ROAD 2 31968 37921 28804 37171
ROAD 2 28804 37171 25312 37710
ROAD 2 25312 37710 17387 33931
ROAD 1 22687 43968 23015 42656
ROAD 1 23015 42656 23625 42328
ROAD 1 23625 42328 25546 42281
ROAD 1 25546 42281 25968 41812
ROAD 1 25968 41812 25968 40500
ROAD 1 25968 40500 26343 40078
ROAD 1 26343 40078 28171 40031
ROAD 1 28171 40031 28804 37171
ROAD 1 28804 37171 29097 35232
ROAD 1 29115 34514 29232 32847
ROAD 1 17387 33931 17296 32296
ROAD 1 17296 32296 17859 31546
ROAD 1 17859 31546 20625 31125
ROAD 1 20625 31125 26255 30606
ROAD 1 26976 30603 28898 30539
ROAD 1 32112 23220 32109 25875
ROAD 1 32109 25875 32542 29285
ROAD 1 33181 13927 34171 18328
ROAD 1 34171 18328 34359 20015
ROAD 1 34359 20015 32250 21281
ROAD 1 32250 21281 32094 22508
ROAD 1 21911 47264 21899 47578
ROAD 1 21896 47997 21902 47692
ROAD 2 21398 71835 25500 70968
ROAD 1 26507 51550 25869 51550
ROAD 1 28160 52757 28769 53050
ROAD 1 29103 53566 29094 53346
ROAD 1 29094 53346 28769 53050
ROAD 1 29100 53668 29100 53991
ROAD 1 26736 52910 26613 53185
ROAD 1 33767 56853 34075 56847
ROAD 1 34183 56847 34470 56850
ROAD 2 30008 67652 30313 67652
ROAD 2 30418 67652 30738 67652
ROAD 2 29109 71258 29097 71560
ROAD 2 29097 71666 29097 71961
ROAD 2 28101 70394 28101 70611
ROAD 2 28482 70119 28880 70113
ROAD 2 27767 70119 27304 70113
ROAD 2 25500 70968 25602 71050
ROAD 2 25602 71050 25831 71097
ROAD 2 25933 71100 26220 71097
ROAD 2 26220 71097 27304 70113
ROAD 2 28880 70113 29296 68976
ROAD 2 29296 68976 29554 67875
ROAD 2 29554 67875 30008 67652
ROAD 2 28101 70611 29109 71258
ROAD 2 33017 79655 31523 78164
ROAD 2 31523 78164 31101 75421
ROAD 2 31101 75421 31125 73968
ROAD 2 31125 73968 29097 71961
ROAD 2 42005 65399 40617 65203
ROAD 2 40617 65203 39585 64875
ROAD 2 39585 64875 34781 65273
ROAD 2 34781 65273 34078 66585
ROAD 2 34078 66585 34195 67781
ROAD 2 34195 67781 32929 68226
ROAD 2 30738 67652 31734 67757
ROAD 2 31734 67757 32929 68226
ROAD 2 33726 79655 34359 80109
ROAD 2 34359 80109 33955 81621
ROAD 1 26613 53185 25734 54234
ROAD 2 63612 21005 64347 13552
ROAD 1 22687 43968 21911 47264
ROAD 1 21896 47997 21984 50015
ROAD 1 21984 50015 23250 51000
ROAD 1 23250 51000 25869 51550
ROAD 1 43242 58640 43031 57562
ROAD 1 43031 57562 41953 56203
ROAD 1 41953 56203 40406 54843
ROAD 1 40406 54843 39375 55406
ROAD 1 39375 55406 38718 56156
ROAD 1 38718 56156 37828 56812
ROAD 1 37828 56812 34470 56850
ROAD 1 33767 56853 29296 55593
ROAD 1 29296 55593 28921 54609
ROAD 1 28921 54609 29100 53991
ROAD 1 16189 69597 16476 69603
ROAD 1 16083 69597 15767 69615
ROAD 1 15257 70083 15767 69615
ROAD 1 16476 69603 18351 69304
ROAD 1 18351 69304 19992 64828
ROAD 1 19992 64828 19101 61546
ROAD 1 19101 61546 19148 60585
ROAD 1 19148 60585 19781 60070
ROAD 1 19781 60070 21585 58992
ROAD 1 21585 58992 22453 56835
ROAD 1 22453 56835 23554 55476
ROAD 1 23554 55476 24796 55218
ROAD 1 24796 55218 25734 54234
ROAD 1 52910 90246 53496 90433
ROAD 1 53496 90433 54164 91007
ROAD 1 54164 91007 55171 91078
ROAD 1 55171 91078 58148 91125
ROAD 1 58148 91125 58382 91664
ROAD 1 58382 91664 58148 92203
ROAD 1 58148 92203 58992 93117
ROAD 1 58992 93117 59648 93820
ROAD 1 59648 93820 59625 94476
ROAD 1 59625 94476 60234 95085
ROAD 1 57369 130335 57058 130019
ROAD 1 57058 130019 56554 130066
ROAD 1 56554 130066 55951 130488
ROAD 1 55951 130488 55306 130892
ROAD 1 55306 130892 53039 130898
ROAD 1 53039 130898 51679 130687
ROAD 1 51679 130687 50953 129234
ROAD 1 50953 129234 50695 127265
ROAD 1 50695 127265 49968 126867
ROAD 1 49968 126867 49078 125976
ROAD 1 49078 125976 48210 125414
ROAD 1 48210 125414 43078 120281
ROAD 1 43078 120281 42656 117843
ROAD 1 42656 117843 43265 116718
ROAD 1 43253 115910 43171 116250
ROAD 1 43171 116250 43265 116718
ROAD 1 50100 92241 49781 94406
ROAD 1 49781 94406 49734 96328
ROAD 1 49734 96328 48984 97171
ROAD 2 112089 179103 111937 179097
ROAD 2 111937 179097 111867 178898
ROAD 2 111867 178898 111738 178880
ROAD 2 112189 179103 112470 179103
ROAD 2 109060 179408 108761 179408
ROAD 2 109171 179408 109458 179408
ROAD 2 111011 178880 110812 178875
ROAD 2 109458 179408 110812 178875
ROAD 2 111398 178593 111386 178212
ROAD 2 106939 179853 107238 179847
ROAD 2 106833 179847 106494 179847
ROAD 2 107238 179847 108761 179408
ROAD 2 128554 183902 128255 183919
ROAD 2 128677 183902 128964 183902
ROAD 2 139189 183603 139482 183603
ROAD 2 139083 183603 138837 183597
ROAD 2 138755 183375 138972 183369
ROAD 2 138837 183597 138972 183369
ROAD 2 138017 183369 137320 183386
ROAD 2 151933 184353 152519 184306
ROAD 2 151828 184353 151494 184347
ROAD 2 147404 183257 148001 183750
ROAD 2 146583 182742 145998 182519
ROAD 2 145998 182519 142910 183164
ROAD 2 148001 183750 151494 184347
ROAD 2 139482 183603 142910 183164
ROAD 2 137320 183386 136453 182531
ROAD 2 136453 182531 135609 181875
ROAD 2 135609 181875 134625 182015
ROAD 2 134625 182015 133640 183187
ROAD 2 133640 183187 132703 183375
ROAD 2 132703 183375 128964 183902
ROAD 2 128255 183919 126656 184078
ROAD 2 126656 184078 124546 184218
ROAD 2 124546 184218 123515 186750
ROAD 2 123515 186750 120515 186937
ROAD 2 120515 186937 119718 187828
ROAD 2 119718 187828 117703 187312
ROAD 2 117703 187312 112470 179103
ROAD 2 96720 183591 99703 183515
ROAD 2 99703 183515 101390 184312
ROAD 2 101390 184312 102890 184218
ROAD 2 102890 184218 103453 183421
ROAD 2 103453 183421 104203 182437
ROAD 2 104203 182437 106494 179847
ROAD 1 162603 177316 162550 176748
ROAD 1 162597 177416 162603 177726
ROAD 1 157250 182446 157453 182443
ROAD 1 157828 182100 157666 182100
ROAD 1 157666 182100 157453 182443
ROAD 1 157936 182100 158226 182094
ROAD 1 158226 182094 160886 181851
ROAD 1 160886 181851 162603 177726
ROAD 1 163013 175836 163371 175505
ROAD 1 83449 154751 83449 154201
ROAD 1 82236 157160 82125 157705
ROAD 1 82350 161258 82347 161563
ROAD 1 82347 161668 82347 161976
ROAD 1 87146 167261 87149 167578
ROAD 1 87152 167683 87149 167988
ROAD 1 91833 180486 91318 179917
ROAD 1 91189 182853 91757 182800
ROAD 1 91083 182847 90732 182841
ROAD 2 93498 183955 93908 183955
ROAD 1 91318 179917 90398 178640
ROAD 1 90398 178640 88875 177140
ROAD 1 88875 177140 88875 175476
ROAD 1 88875 175476 88851 174585
ROAD 1 88851 174585 87937 174117
ROAD 1 87937 174117 87000 174070
ROAD 1 87000 174070 86437 172453
ROAD 1 86437 172453 87149 167988
ROAD 1 84761 164625 84533 164625
ROAD 1 85476 164625 85634 164625
ROAD 1 85634 164625 86484 165480
ROAD 1 86484 165480 87146 167261
ROAD 1 82347 161976 82605 163019
ROAD 1 84533 164625 83367 163933
ROAD 1 82605 163019 83367 163933
ROAD 1 82350 161258 82125 157705
ROAD 1 83449 154201 84046 151523
ROAD 1 181078 151640 180375 153140
ROAD 1 180375 153140 180187 153843
ROAD 1 180187 153843 179484 154500
ROAD 1 178242 154699 179484 154500
ROAD 1 175312 152683 175453 152695
ROAD 1 175804 153164 175558 153152
ROAD 1 175558 153152 175453 152695
ROAD 1 175921 153164 176191 153164
ROAD 1 176589 154230 176355 153902
ROAD 1 176355 153902 176191 153164
ROAD 1 176800 157195 176894 157183
ROAD 1 176894 157183 176929 156738
ROAD 1 176847 156421 176835 156585
ROAD 1 176835 156585 176929 156738
ROAD 1 176847 156304 176835 156070
ROAD 1 176742 155660 176718 155847
ROAD 1 176718 155847 176835 156070
ROAD 1 144310 165908 144023 165908
ROAD 1 143232 166130 143460 166125
ROAD 1 144023 165908 143460 166125
ROAD 1 144416 165908 144744 165908
ROAD 1 142505 166130 141960 166125
ROAD 1 152847 178916 152841 179015
ROAD 1 152619 179255 152625 179179
ROAD 1 152625 179179 152841 179015
ROAD 1 152853 178804 152847 178529
ROAD 1 152583 181980 152285 181564
ROAD 1 152619 179988 152613 180269
ROAD 1 152613 180269 152285 181564
ROAD 1 152847 178529 150328 172500
ROAD 1 150328 172500 148875 170906
ROAD 1 148875 170906 148781 169359
ROAD 1 148781 169359 147093 167671
ROAD 1 147093 167671 145687 166218
ROAD 1 145687 166218 144744 165908
ROAD 1 141960 166125 141328 164953
ROAD 1 141328 164953 140437 163781
ROAD 1 140437 163781 132603 147714
ROAD 2 70461 104408 72093 105140
ROAD 2 72093 105140 73265 107109
ROAD 2 73265 107109 74097 109505
ROAD 2 74103 110238 74625 110859
ROAD 2 74625 110859 76828 112359
ROAD 2 76828 112359 78046 113671
ROAD 2 78046 113671 79359 115031
ROAD 2 79359 115031 81046 115078
ROAD 2 81046 115078 82119 115283
ROAD 2 82347 117726 80859 120656
ROAD 2 80859 120656 79125 122015
ROAD 2 79125 122015 78187 122906
ROAD 2 78187 122906 78750 123281
ROAD 2 78750 123281 79171 123703
ROAD 2 79171 123703 79265 124546
ROAD 2 79265 124546 79353 126005
ROAD 2 77226 136447 76453 135152
ROAD 2 75767 135134 75328 134203
ROAD 2 75328 134203 75796 133453
ROAD 2 75796 133453 76406 132609
ROAD 2 76406 132609 76031 131484
ROAD 2 76031 131484 77390 129375
ROAD 2 77390 129375 78703 128109
ROAD 2 78703 128109 79265 127453
ROAD 2 79265 127453 79350 126735
ROAD 1 84046 151523 84603 147720
ROAD 1 79517 138615 83367 144023
ROAD 1 83367 144023 84597 147005
ROAD 1 75761 137408 76054 137402
ROAD 1 76171 137402 76447 137414
ROAD 1 76447 137414 77238 137794
ROAD 1 77238 137794 77507 137794
ROAD 1 75761 137408 74185 137548
ROAD 1 74185 137548 73417 136875
ROAD 1 73417 136875 71367 136851
ROAD 1 71367 136851 68425 136816
ROAD 1 68425 136816 67476 136148
ROAD 1 67476 136148 64710 136136
ROAD 1 64710 136136 62238 136125
ROAD 1 62238 136125 61453 135386
ROAD 1 61453 135386 60878 135316
ROAD 1 60418 135152 60878 135316
ROAD 1 60313 135152 60038 135152
ROAD 1 60038 135152 59203 135246
ROAD 1 59203 135246 58148 134320
ROAD 1 58148 134320 57351 133359
ROAD 1 57351 133359 57386 131378
ROAD 1 57386 131378 57375 131226
ROAD 1 57375 130511 57369 130335
ROAD 2 69093 103453 66515 107203
ROAD 2 66515 107203 64640 107343
ROAD 2 64640 107343 63937 108375
ROAD 2 63937 108375 62906 108843
ROAD 1 81750 115875 81351 115886
ROAD 1 81351 115886 78000 117257
ROAD 1 78000 117257 74765 116671
ROAD 1 74765 116671 72281 115828
ROAD 1 72281 115828 71484 114562
ROAD 1 71484 114562 70687 111656
ROAD 1 70687 111656 64593 111750
ROAD 1 64593 111750 62906 108843
ROAD 1 60758 107841 61081 107847
ROAD 1 61183 107853 61479 107853
ROAD 2 57984 158812 59250 160031
ROAD 2 59250 160031 60328 161156
ROAD 2 60328 161156 64781 161250
ROAD 2 64781 161250 66843 160875
ROAD 2 66843 160875 68718 160875
ROAD 2 68718 160875 69843 161625
ROAD 2 69843 161625 74109 161625
ROAD 2 75333 161853 75035 161847
ROAD 2 74109 161625 75035 161847
ROAD 2 75439 161859 75714 161859
ROAD 2 82001 156544 81287 156556
ROAD 2 81287 156556 75714 161859
ROAD 2 68847 10166 68841 10447
ROAD 2 68847 10072 68853 9761
ROAD 2 79833 8103 79535 8091
ROAD 2 80238 8103 79939 8097
ROAD 2 81011 7880 80753 7886
ROAD 2 80753 7886 80238 8103
ROAD 2 81732 7875 82277 7886
ROAD 1 73353 17273 73347 17560
ROAD 1 73335 17994 73353 17666
ROAD 1 74853 20261 74847 20554
ROAD 1 74847 20982 74853 20671
ROAD 1 74554 27527 76136 29367
ROAD 1 74255 35115 74578 35097
ROAD 1 74982 35091 74689 35097
ROAD 1 77390 34423 77408 34189
ROAD 1 77402 33767 77402 34072
ROAD 1 77589 34986 77361 34757
ROAD 1 77361 34757 77390 34423
ROAD 1 77507 35794 76957 35812
ROAD 1 80326 34652 80554 34652
ROAD 1 80964 34652 80666 34652
ROAD 1 79763 34839 79892 34634
ROAD 1 79892 34634 80326 34652
ROAD 1 79904 37013 80531 37535
ROAD 1 77103 31508 77100 31810
ROAD 1 77100 31918 77097 32217
ROAD 2 64376 12720 64851 11578
ROAD 1 66228 10125 68367 11390
ROAD 1 68367 11390 72562 15117
ROAD 1 72562 15117 73353 17273
ROAD 2 68367 11390 68841 10447
ROAD 2 68853 9761 69281 9023
ROAD 2 69281 9023 72890 8226
ROAD 2 79535 8091 77203 9140
ROAD 2 77203 9140 76359 8812
ROAD 2 76359 8812 76007 7593
ROAD 2 76007 7593 72890 8226
ROAD 1 73335 17994 74853 20261
ROAD 1 74847 20982 74554 27527
ROAD 1 76136 29367 77103 31508
ROAD 1 77097 32217 77402 33767
ROAD 1 67763 77044 67212 77039
ROAD 1 67646 75017 67652 75331
ROAD 1 67649 75732 67649 75436
ROAD 1 67842 76236 67646 76016
ROAD 1 67649 75732 67646 76016
ROAD 1 69407 77510 69720 77797
ROAD 1 71267 77862 71581 77850
ROAD 1 71976 77850 71686 77850
ROAD 1 54603 84755 54984 83109
ROAD 1 54984 83109 56648 81750
ROAD 1 56648 81750 57703 81070
ROAD 1 57703 81070 57890 79875
ROAD 1 57890 79875 58631 79467
ROAD 1 67212 77039 66351 76546
ROAD 1 66351 76546 63351 76804
ROAD 1 63351 76804 62859 77109
ROAD 1 62859 77109 62531 77789
ROAD 1 62531 77789 60609 78093
ROAD 1 58649 78764 59085 78140
ROAD 1 59085 78140 60609 78093
ROAD 1 81741 83575 81603 83578
ROAD 1 81008 83578 81082 83578
ROAD 1 79125 85505 79142 85166
ROAD 1 79125 86226 79119 86578
ROAD 1 74748 90943 75427 90937
ROAD 1 74654 91757 75363 91910
ROAD 1 73236 91904 73013 93128
ROAD 1 69720 77797 71267 77862
ROAD 1 71976 77850 74671 78890
ROAD 1 74671 78890 78421 78515
ROAD 1 78421 78515 81375 79453
ROAD 1 81375 79453 81890 81703
ROAD 1 81890 81703 82171 83109
ROAD 1 81741 83575 82171 83109
ROAD 1 81008 83578 80109 83976
ROAD 1 80109 83976 79142 85166
ROAD 1 75427 90937 78257 88851
ROAD 1 79119 86578 78257 88851
ROAD 2 81375 79453 87843 76500
ROAD 2 87843 76500 93937 75937
ROAD 2 93937 75937 96000 76031
ROAD 2 96000 76031 101062 75656
ROAD 2 101062 75656 104156 73687
ROAD 2 104156 73687 103593 70125
ROAD 1 67646 75017 70406 70921
ROAD 1 70406 70921 71718 65953
ROAD 1 71718 65953 73500 63562
ROAD 1 73500 63562 75140 60234
ROAD 1 75140 60234 76171 59718
ROAD 1 76171 59718 81656 60187
ROAD 2 71718 65953 67593 67125
ROAD 2 67593 67125 65437 65718
ROAD 2 64406 63750 61875 62718
ROAD 1 81656 60187 82063 60152
ROAD 1 82166 60152 82470 60152
ROAD 1 87011 58356 87328 58350
ROAD 1 87729 58347 87436 58350
ROAD 1 88746 58300 88209 58303
ROAD 1 88836 56733 88365 56537
ROAD 1 88350 55819 88353 55511
ROAD 1 88365 56537 88350 55918
ROAD 1 90266 56589 90647 56000
ROAD 1 92856 48758 92853 49063
ROAD 1 92847 49494 92853 49168
ROAD 1 82470 60152 84421 60000
ROAD 1 84421 60000 87011 58356
ROAD 1 90647 56000 91218 54750
ROAD 1 91218 54750 92847 49494
ROAD 1 80531 37535 80625 40406
ROAD 1 80625 40406 80718 41906
ROAD 1 80718 41906 82500 44671
ROAD 1 82500 44671 83015 47203
ROAD 1 83015 47203 86437 50437
ROAD 1 86437 50437 88353 55511
ROAD 1 92856 48758 95484 42468
ROAD 1 90404 58757 90978 59173
ROAD 1 87729 58347 88209 58303
ROAD 2 67646 75017 65015 72750
ROAD 2 65015 72750 61640 71062
ROAD 2 61640 71062 60843 70453
ROAD 2 60843 70453 60281 69890
ROAD 2 60281 69890 59718 69468
ROAD 2 59718 69468 58171 68203
ROAD 2 58171 68203 58875 63328
ROAD 2 65103 64921 65091 65197
ROAD 2 65097 64816 65103 64535
ROAD 2 65103 64535 64406 63750
ROAD 2 65091 65197 65437 65718
ROAD 2 59660 62507 60773 62841
ROAD 2 60773 62841 61078 62847
ROAD 2 61189 62847 61476 62841
ROAD 2 61875 62718 61476 62841
ROAD 2 77455 37664 76312 38343
ROAD 2 76312 38343 74062 38906
ROAD 2 73350 40063 73356 39764
ROAD 2 73341 40485 73353 40171
ROAD 2 70353 44252 70353 44563
ROAD 2 70347 44994 70356 44671
ROAD 2 69600 52500 69603 52813
ROAD 2 69603 53244 69600 52918
ROAD 2 67491 57896 67171 57902
ROAD 2 66761 57896 67057 57902
ROAD 2 59967 59100 63023 57960
ROAD 2 63023 57960 66761 57896
ROAD 2 67491 57896 68882 57000
ROAD 2 68882 57000 69603 53244
ROAD 2 69600 52500 70347 44994
ROAD 2 74062 38906 73356 39764
ROAD 2 70353 44252 72562 42750
ROAD 2 72562 42750 73341 40485
ROAD 2 59835 61500 59507 61851
ROAD 2 59835 61500 59531 60878
ROAD 2 58804 59542 59531 60878
ROAD 2 77455 37664 77753 37160
ROAD 1 58473 36600 62859 36234
ROAD 1 62859 36234 64312 35765
ROAD 1 64312 35765 66140 35250
ROAD 1 66140 35250 66937 34781
ROAD 1 66937 34781 69234 34687
ROAD 1 69234 34687 71343 35437
ROAD 1 71343 35437 73453 35578
ROAD 1 73453 35578 74255 35115
ROAD 1 74982 35091 76957 35812
ROAD 1 60234 95085 61148 95976
ROAD 1 61148 95976 61828 97453
ROAD 1 61828 97453 64406 98203
ROAD 1 64406 98203 67218 98343
ROAD 1 69755 98630 69193 98619
ROAD 1 70476 98630 70869 98625
ROAD 1 67218 98343 69193 98619
ROAD 1 71674 98103 71668 98232
ROAD 1 71668 98232 71478 98460
ROAD 1 71478 98460 70869 98625
ROAD 1 71671 97590 71677 97482
ROAD 1 71677 97482 72234 96773
ROAD 1 72234 96773 72375 95132
ROAD 1 72375 95132 73013 93128
ROAD 2 70101 98894 70119 99316
ROAD 2 81351 8144 81345 8349
ROAD 2 81345 8349 82160 8794
ROAD 2 82277 7886 90750 14718
ROAD 2 82160 8794 83718 11718
ROAD 2 83718 11718 87187 18093
ROAD 2 96902 38689 96949 39246
ROAD 1 96339 39486 95378 39257
ROAD 1 100066 40652 99492 40699
ROAD 1 100160 40652 100488 40652
ROAD 1 96486 41654 95484 42468
ROAD 2 98044 41742 98021 42404
ROAD 1 80964 34652 89953 36140
ROAD 1 89953 36140 95378 39257
ROAD 2 96908 38578 96919 38261
ROAD 2 96919 38261 98589 36937
ROAD 2 98589 36937 98625 36726
ROAD 2 98625 35988 98625 35542
ROAD 2 88078 18603 87755 18591
ROAD 2 88195 18597 88482 18597
ROAD 2 87755 18591 87187 18093
ROAD 2 88482 18597 89203 19945
ROAD 2 89203 19945 88804 22429
ROAD 2 88804 22429 89882 23554
ROAD 2 89882 23554 91757 25289
ROAD 2 91757 25289 93585 25968
ROAD 2 93585 25968 93398 27726
ROAD 2 93398 27726 94710 28945
ROAD 2 94710 28945 96140 29062
ROAD 2 96140 29062 98625 35542
ROAD 2 98900 36392 99462 36375
ROAD 2 99462 36375 107203 29671
ROAD 2 107203 29671 112265 24703
ROAD 1 100652 67833 100640 67517
ROAD 1 100652 67939 100646 68197
ROAD 2 103658 67083 103652 66773
ROAD 2 103652 67189 103646 67447
ROAD 2 103839 67992 103634 67757
ROAD 2 103634 67757 103646 67447
ROAD 2 103992 69410 103593 70125
ROAD 1 103751 68800 103060 68794
ROAD 1 104800 69498 104794 69837
ROAD 1 104794 69837 105169 70470
ROAD 2 105404 69263 106195 69779
ROAD 1 100646 68197 103060 68794
ROAD 1 100640 67517 97218 65156
ROAD 1 97218 65156 93000 64875
ROAD 1 93000 64875 90515 61359
ROAD 1 90515 61359 90978 59173
ROAD 2 98021 42404 104250 53718
ROAD 2 104250 53718 105187 55875
ROAD 2 105187 55875 105187 57421
ROAD 2 105187 57421 103687 59906
ROAD 2 103687 59906 103921 63187
ROAD 2 103652 66773 103921 63187
ROAD 1 108152 76083 108149 75773
ROAD 1 108152 76186 108146 76470
ROAD 1 111597 80566 111600 80267
ROAD 1 111600 80668 111600 80985
ROAD 1 112655 85078 112658 84770
ROAD 1 112649 85195 112655 85485
ROAD 1 115089 94986 114550 94271
ROAD 1 115001 95800 114345 95794
ROAD 1 115242 96410 114925 97037
ROAD 1 116050 96498 116044 96984
ROAD 1 118054 95402 117732 95396
ROAD 1 116753 95449 117093 95437
ROAD 1 117093 95437 117732 95396
ROAD 2 115693 94746 115705 94119
ROAD 1 118171 95402 118485 95402
ROAD 1 112350 87313 112353 87014
ROAD 1 112350 87421 112350 87732
ROAD 1 114550 94271 112828 93375
ROAD 1 112828 93375 112453 91265
ROAD 1 112453 91265 112350 87732
ROAD 1 112353 87014 112655 85485
ROAD 1 112655 85078 111600 80985
ROAD 1 111600 80267 109640 77156
ROAD 1 109640 77156 108146 76470
ROAD 1 108149 75773 107578 75093
ROAD 1 107578 75093 105169 70470
ROAD 1 75363 91910 79125 91593
ROAD 1 79125 91593 80531 93609
ROAD 1 80531 93609 82875 93375
ROAD 1 82875 93375 85500 93375
ROAD 1 85500 93375 87000 95015
ROAD 1 87000 95015 89906 95906
ROAD 1 89906 95906 91828 97687
ROAD 1 91828 97687 94453 97500
ROAD 1 96087 96328 95967 96331
ROAD 1 96606 96328 96732 96325
ROAD 1 95967 96331 95044 96972
ROAD 1 95044 96972 94453 97500
ROAD 1 104332 97078 104153 97081
ROAD 1 104856 97078 104985 97078
ROAD 1 109916 98402 110238 98399
ROAD 1 109816 98402 109520 98402
ROAD 1 96732 96325 99023 96140
ROAD 1 99023 96140 101707 96246
ROAD 1 104153 97081 102867 96421
ROAD 1 102867 96421 101707 96246
ROAD 1 104985 97078 105937 97042
ROAD 1 105937 97042 108222 97558
ROAD 1 108222 97558 109520 98402
ROAD 1 110238 98399 111738 98472
ROAD 1 111738 98472 114345 95794
ROAD 1 112350 107560 112350 107261
ROAD 1 112350 107668 112344 107979
ROAD 1 109007 111339 109541 110759
ROAD 1 106986 112910 106412 113373
ROAD 1 109253 111943 109781 111990
ROAD 1 109154 112763 109558 113255
ROAD 1 109541 110759 111046 109734
ROAD 1 111046 109734 112344 107979
ROAD 1 112350 107261 115078 102281
ROAD 1 115078 102281 114925 97037
ROAD 1 82488 115875 82854 115875
ROAD 1 86103 116563 86106 116276
ROAD 1 86100 116671 86091 116976
ROAD 1 92270 114899 92563 114902
ROAD 1 92668 114902 92970 114899
ROAD 1 102758 113399 103057 113399
ROAD 1 103166 113402 103470 113399
ROAD 1 106412 113373 103470 113399
ROAD 1 102758 113399 100218 113625
ROAD 1 100218 113625 98015 113625
ROAD 1 98015 113625 94593 113625
ROAD 1 94593 113625 92970 114899
ROAD 1 82854 115875 84843 115968
ROAD 1 84843 115968 86106 116276
ROAD 1 86091 116976 86484 117421
ROAD 1 86484 117421 88687 116953
ROAD 1 88687 116953 90750 116109
ROAD 1 90750 116109 92270 114899
ROAD 2 102492 161742 108796 157570
ROAD 2 108796 157570 111761 156149
ROAD 2 114720 156600 119985 155094
ROAD 2 120694 155094 122882 153140
ROAD 2 122882 153140 125015 151218
ROAD 2 125015 151218 127125 150375
ROAD 2 96445 183597 96720 183591
ROAD 2 96328 183597 96000 183609
ROAD 2 96000 183609 93908 183955
ROAD 2 105439 144603 105726 144603
ROAD 2 105328 144597 105035 144591
ROAD 2 103910 142007 104250 142458
ROAD 2 104250 142458 104595 144105
ROAD 2 104595 144105 105035 144591
ROAD 2 107560 144902 107250 144884
ROAD 2 105726 144603 107250 144884
ROAD 2 107671 144908 107988 144908
ROAD 2 112895 156093 112892 155510
ROAD 2 112649 157083 112652 156911
ROAD 2 112652 156911 112801 156849
ROAD 2 112801 156849 112804 156659
ROAD 2 112652 157189 112640 157482
ROAD 2 107850 169810 107847 169514
ROAD 2 107847 169916 107844 170229
ROAD 2 107844 170229 108304 171820
ROAD 2 108304 171820 110578 172992
ROAD 2 110578 172992 111656 175289
ROAD 2 111386 178212 111656 175289
ROAD 2 107847 169514 109195 163945
ROAD 2 109195 163945 112640 157482
ROAD 2 112892 155510 110414 153773
ROAD 2 110414 153773 109242 150679
ROAD 2 109242 150679 109710 146203
ROAD 2 109710 146203 107988 144908
ROAD 1 119566 107408 119244 107402
ROAD 1 119666 107408 119994 107402
ROAD 1 119994 107402 120146 106576
ROAD 1 119994 107402 121242 107039
ROAD 1 143103 114310 143115 114023
ROAD 1 143742 113660 143572 113876
ROAD 1 143572 113876 143115 114023
ROAD 1 143097 114416 143091 114732
ROAD 1 143578 112242 142699 111861
ROAD 1 145248 112699 145951 112693
ROAD 1 131326 126333 131203 126333
ROAD 1 131859 126333 132029 126333
ROAD 1 117313 131402 117020 131402
ROAD 1 117418 131402 117729 131402
ROAD 1 116121 131835 117020 131402
ROAD 1 117729 131402 122296 128296
ROAD 1 122296 128296 124781 127875
ROAD 1 124781 127875 127359 127875
ROAD 1 127359 127875 128109 127218
ROAD 1 128109 127218 129000 126375
ROAD 1 129000 126375 131326 126333
ROAD 1 132029 126333 135187 123468
ROAD 1 135187 123468 136500 120796
ROAD 1 136500 120796 135421 118500
ROAD 1 135421 118500 136218 116812
ROAD 1 136218 116812 138046 116625
ROAD 1 138046 116625 141281 116484
ROAD 1 141281 116484 143091 114732
ROAD 1 142699 111861 139546 109734
ROAD 1 139546 109734 137859 109687
ROAD 1 137859 109687 134109 108609
ROAD 1 134109 108609 132984 105375
ROAD 1 132984 105375 130125 104203
ROAD 1 130125 104203 127078 104062
ROAD 1 127078 104062 121242 107039
ROAD 1 120146 106576 116625 99328
ROAD 1 116625 99328 116044 96984
ROAD 1 109781 111990 113015 112171
ROAD 1 113015 112171 113859 111609
ROAD 1 113859 111609 115171 110484
ROAD 1 115171 110484 118125 108421
ROAD 1 118125 108421 119244 107402
ROAD 1 145951 112693 146671 112875
ROAD 1 146671 112875 147703 113765
ROAD 1 147703 113765 150656 113625
ROAD 1 150656 113625 152953 113531
ROAD 1 152953 113531 153609 114234
ROAD 1 153609 114234 155250 115828
ROAD 1 155250 115828 157078 117750
ROAD 1 157078 117750 158484 119109
ROAD 1 158484 119109 159328 119671
ROAD 1 159328 119671 160687 119718
ROAD 1 160687 119718 161437 121500
ROAD 1 161437 121500 162703 125953
ROAD 1 165011 131097 165328 131097
ROAD 1 165445 131103 165726 131103
ROAD 1 167589 132486 167226 131964
ROAD 1 165726 131103 166505 131244
ROAD 1 166505 131244 167226 131964
ROAD 2 166183 135603 166488 135597
ROAD 2 166083 135603 165750 135597
ROAD 2 167742 133154 167443 133968
ROAD 2 167443 133968 166488 135597
ROAD 1 168410 133007 168943 133470
ROAD 1 175060 136652 174755 136652
ROAD 1 175171 136652 175476 136658
ROAD 2 151066 140405 150752 140399
ROAD 2 151166 140402 151473 140405
ROAD 2 132656 146642 133001 146642
ROAD 2 135439 146103 135732 146097
ROAD 2 135333 146103 134982 146097
ROAD 2 134982 146097 133792 146150
ROAD 2 133792 146150 133001 146642
ROAD 2 135732 146097 142921 145359
ROAD 2 142921 145359 150752 140399
ROAD 2 165750 135597 163921 136171
ROAD 2 163921 136171 158718 138656
ROAD 2 158718 138656 156046 138984
ROAD 2 156046 138984 151473 140405
ROAD 1 165011 131097 163031 128531
ROAD 1 163031 128531 162703 125953
ROAD 1 168943 133470 174755 136652
ROAD 1 175476 136658 179203 137531
ROAD 1 179203 137531 183515 136500
ROAD 1 183515 136500 184781 138703
ROAD 1 184781 138703 183328 146062
ROAD 1 183328 146062 181078 151640
ROAD 1 178125 110203 178125 110906
ROAD 2 178125 110906 178875 112453
ROAD 2 178875 112453 178851 114867
ROAD 2 178851 114867 178359 116671
ROAD 2 178359 116671 177843 118453
ROAD 2 177843 118453 172265 125953
ROAD 2 172347 126292 172265 125953
ROAD 2 172347 126421 172324 126726
ROAD 2 168257 132339 168585 132023
ROAD 2 168585 132023 170906 130488
ROAD 2 170906 130488 172324 126726
ROAD 1 114492 133910 114082 134519
ROAD 1 115910 133757 116625 134402
ROAD 1 115757 132328 116121 131835
ROAD 1 114351 132492 113507 132082
ROAD 2 106863 123726 106863 123919
ROAD 2 106869 123011 106886 122718
ROAD 1 112869 124482 112875 124939
ROAD 1 112875 123761 112869 123398
ROAD 2 112599 124098 112168 124113
ROAD 2 112168 124113 111515 124312
ROAD 2 111515 124312 110906 125203
ROAD 2 110906 125203 107671 125062
ROAD 2 107671 125062 106863 123919
ROAD 2 112031 117937 110906 118875
ROAD 2 110906 118875 109968 120000
ROAD 2 109968 120000 109828 121359
ROAD 2 109828 121359 109500 121828
ROAD 2 109500 121828 106886 122718
ROAD 1 113507 132082 112687 129468
ROAD 1 112687 129468 112921 126562
ROAD 1 112921 126562 112875 124939
ROAD 1 112869 123398 112125 122343
ROAD 1 112125 122343 112171 119906
ROAD 1 112171 119906 112031 117937
ROAD 1 112031 117937 112875 116859
ROAD 1 112875 116859 112265 116390
ROAD 1 112265 116390 111375 116578
ROAD 1 111375 116578 109828 116531
ROAD 1 109828 116531 109558 113255
ROAD 1 100816 141152 100508 141149
ROAD 1 100921 141152 101232 141158
ROAD 1 103089 141486 102621 141313
ROAD 1 105331 140850 105014 140859
ROAD 1 105433 140850 105726 140856
ROAD 1 103763 141336 103948 141114
ROAD 1 114082 134519 112921 135960
ROAD 1 112921 135960 109195 137015
ROAD 1 109195 137015 105726 140856
ROAD 1 105014 140859 103948 141114
ROAD 1 102621 141313 101232 141158
ROAD 1 100508 141149 97031 140953
ROAD 1 97031 140953 93468 139125
ROAD 1 93468 139125 90656 138140
ROAD 1 90656 138140 89578 136078
ROAD 1 89578 136078 87609 135281
ROAD 1 87609 135281 86343 135609
ROAD 1 86343 135609 85406 136171
ROAD 1 85406 136171 83531 137015
ROAD 1 83531 137015 81656 136828
ROAD 1 81656 136828 80109 136875
ROAD 1 79013 136839 79277 136464
ROAD 1 79277 136464 79646 136376
ROAD 1 79646 136376 80109 136875
ROAD 1 132369 146255 132375 145910
ROAD 1 132603 147322 132603 147210
ROAD 1 132603 147210 132375 147099
ROAD 1 132375 147099 132363 146976
ROAD 1 132597 147416 132603 147714
ROAD 1 132375 145910 130781 145031
ROAD 1 130781 145031 129234 143953
ROAD 1 129234 143953 128156 142781
ROAD 1 128156 142781 126140 139640
ROAD 1 126140 139640 122203 137109
ROAD 1 122203 137109 120656 136593
ROAD 1 120656 136593 119062 136734
ROAD 1 119062 136734 117140 135656
ROAD 1 117140 135656 116625 134402
ROAD 2 128226 150375 128636 150363
ROAD 2 128636 150363 131542 149167
ROAD 2 131542 149167 132603 147714
ROAD 2 127511 150380 127125 150375
ROAD 2 120439 155100 120694 155094
ROAD 2 120328 155100 119985 155094
ROAD 2 114439 156600 114720 156600
ROAD 2 114328 156597 114038 156600
ROAD 2 113238 156372 113487 156372
ROAD 2 112171 156152 112291 156149
ROAD 2 112505 156375 112382 156372
ROAD 2 112382 156372 112291 156149
ROAD 2 112060 156152 111761 156149
ROAD 2 113487 156372 114038 156600
ROAD 2 96316 159902 96005 159896
ROAD 2 96770 160122 96632 160119
ROAD 2 96632 160119 96506 159908
ROAD 2 96506 159908 96418 159905
ROAD 2 97494 160125 97716 160122
ROAD 2 92403 161578 92408 161274
ROAD 2 92400 161689 92396 161970
ROAD 2 85634 164625 87937 163757
ROAD 2 87937 163757 90726 162421
ROAD 2 90726 162421 92396 161970
ROAD 2 92408 161274 92812 160921
ROAD 2 92812 160921 94453 160500
ROAD 2 94453 160500 96005 159896
ROAD 2 97716 160122 102492 161742
ROAD 1 116414 2589 116402 2285
ROAD 1 116402 2285 115910 1757
ROAD 1 116414 2707 116402 2964
ROAD 1 116402 2964 116578 4500
ROAD 1 116578 4500 116718 6703
ROAD 1 116718 6703 118031 8859
ROAD 1 118031 8859 118218 10031
ROAD 1 118218 10031 118312 11531
ROAD 1 118312 11531 117234 12890
ROAD 1 116097 14554 116109 14273
ROAD 1 116109 14273 117234 12890
ROAD 1 116097 14671 116074 14976
ROAD 1 115007 20589 115476 19710
ROAD 1 115265 21949 116261 21960
ROAD 1 115148 22757 115617 23285
ROAD 1 115652 23583 115617 23285
ROAD 1 115652 23689 115634 23970
ROAD 2 112347 24416 112265 24703
ROAD 2 112353 24304 112359 24005
ROAD 2 111439 22347 111714 22347
ROAD 2 111333 22347 111029 22353
ROAD 2 113507 22300 112904 22300
ROAD 2 112904 22300 111714 22347
ROAD 2 113736 22910 113583 23220
ROAD 2 113583 23220 112634 23255
ROAD 2 112634 23255 112359 24005
ROAD 1 115476 19710 116074 14976
ROAD 2 111029 22353 104906 22734
ROAD 2 104906 22734 102140 18328
ROAD 2 102140 18328 94453 16265
ROAD 2 91810 15902 91529 15902
ROAD 2 91529 15902 90750 14718
ROAD 2 91921 15902 92203 15896
ROAD 2 92203 15896 94453 16265
ROAD 1 115347 26542 115335 26250
ROAD 1 115347 26671 115335 26964
ROAD 1 115335 26250 115634 23970
ROAD 1 115335 26964 115476 28406
ROAD 1 115476 28406 117984 30492
ROAD 1 118347 31810 118335 31505
ROAD 1 118347 31916 118365 32232
ROAD 1 118335 31505 117984 30492
ROAD 1 118845 34236 118371 33708
ROAD 1 118371 33708 118365 32232
ROAD 1 120421 35507 122214 36210
ROAD 1 118992 35660 118300 37031
ROAD 1 128003 33410 126832 34523
ROAD 1 127828 32730 126761 31687
ROAD 1 129257 32578 130640 31980
ROAD 2 128812 33503 128789 34066
ROAD 2 129597 35542 129585 35273
ROAD 2 129597 35683 129585 35964
ROAD 2 129585 35273 128789 34066
ROAD 1 124511 26103 124828 26097
ROAD 1 124939 26097 125226 26097
ROAD 1 126017 27134 126304 27152
ROAD 1 126416 27152 126755 27158
ROAD 1 126017 27134 125226 26097
ROAD 1 126761 31687 126234 30000
ROAD 1 126234 30000 127312 27773
ROAD 1 127312 27773 126755 27158
ROAD 1 122214 36210 126832 34523
ROAD 1 116261 21960 121101 22570
ROAD 1 121101 22570 124511 26103
ROAD 1 106798 41402 106505 41402
ROAD 1 106916 41402 107226 41402
ROAD 1 111755 40658 112042 40658
ROAD 1 112177 40652 112470 40646
ROAD 1 114421 38853 114416 39058
ROAD 1 114421 38326 114421 38103
ROAD 1 114421 38103 115195 37148
ROAD 1 115195 37148 118300 37031
ROAD 1 114416 39058 112470 40646
ROAD 1 107226 41402 111755 40658
ROAD 1 100488 40652 106505 41402
ROAD 2 113542 72164 113144 72175
ROAD 2 113671 72152 114035 72164
ROAD 2 124054 79658 123720 79652
ROAD 2 124166 79652 124447 79652
ROAD 2 124845 79980 124447 79652
ROAD 2 124054 81908 123697 81908
ROAD 2 124171 81902 124552 81902
ROAD 2 124986 80654 124552 81902
ROAD 2 125507 79839 126339 79300
ROAD 2 125671 80507 126726 81351
ROAD 2 126902 82828 126908 82505
ROAD 2 126902 82939 126890 83214
ROAD 2 126908 82505 126726 81351
ROAD 2 128267 77871 128578 77853
ROAD 2 128695 77847 128982 77841
ROAD 2 131261 85347 131578 85347
ROAD 2 131701 85347 131970 85347
ROAD 1 140847 85810 140853 85517
ROAD 1 140853 85927 140835 86232
ROAD 1 140507 86583 140835 86232
ROAD 2 139007 87550 138451 87550
ROAD 1 139242 89666 138755 90363
ROAD 1 140660 89507 141292 90017
ROAD 1 144597 110542 144562 110261
ROAD 1 144585 110683 144574 110976
ROAD 1 144187 111996 144187 111644
ROAD 1 144187 111644 144574 110976
ROAD 1 131097 94933 131085 95191
ROAD 1 131085 94757 131097 94511
ROAD 1 118485 95402 120421 95273
ROAD 1 120421 95273 122250 95671
ROAD 1 131085 95191 129914 95578
ROAD 1 129914 95578 122250 95671
ROAD 1 134789 92132 133382 92765
ROAD 1 133382 92765 131097 94511
ROAD 1 138755 90363 136054 91054
ROAD 1 136054 91054 135140 91289
ROAD 1 135140 91289 134789 92132
ROAD 1 141292 90017 141140 91125
ROAD 1 141140 91125 139687 93656
ROAD 1 139687 93656 139828 95437
ROAD 1 139828 95437 142125 97968
ROAD 1 142125 97968 143625 100921
ROAD 1 143625 100921 144609 103593
ROAD 1 144609 103593 144328 105984
ROAD 1 144328 105984 144562 110261
ROAD 2 131970 85347 135750 86062
ROAD 2 135750 86062 138451 87550
ROAD 2 131261 85347 127078 84000
ROAD 2 127078 84000 126890 83214
ROAD 2 115705 94119 116390 91500
ROAD 2 116390 91500 117328 90468
ROAD 2 117328 90468 119156 90000
ROAD 2 119156 90000 122484 89203
ROAD 2 122484 89203 122765 86109
ROAD 2 122765 86109 121921 83859
ROAD 2 121921 83859 123697 81908
ROAD 2 123720 79652 120328 78187
ROAD 2 120328 78187 117093 77296
ROAD 2 117093 77296 115593 73125
ROAD 2 115593 73125 114035 72164
ROAD 2 106195 69779 107578 70125
ROAD 2 107578 70125 110062 71718
ROAD 2 110062 71718 113144 72175
ROAD 1 134085 32683 134062 32976
ROAD 1 134097 32519 134121 32285
ROAD 1 139769 30914 139464 30914
ROAD 1 139933 30914 140343 30902
ROAD 1 145757 31300 145195 31347
ROAD 1 145072 31347 144667 31335
ROAD 1 145839 29730 145570 29378
ROAD 1 145652 28207 145640 28464
ROAD 1 145570 29378 145640 28464
ROAD 1 145664 28054 145699 27621
ROAD 1 147421 32507 148242 32835
ROAD 2 146003 32660 145710 33257
ROAD 1 130640 31980 132656 33609
ROAD 1 132656 33609 134062 32976
ROAD 1 134121 32285 135515 31218
ROAD 1 135515 31218 139464 30914
ROAD 1 140343 30902 142781 30656
ROAD 1 142781 30656 144667 31335
ROAD 1 154816 39597 154458 39591
ROAD 1 154945 39597 155220 39597
ROAD 1 165492 41660 164906 42117
ROAD 1 164906 42117 161402 41964
ROAD 1 167671 41507 168468 42867
ROAD 1 167097 49054 167091 48779
ROAD 1 167402 47695 167384 47958
ROAD 1 167091 48779 167384 47958
ROAD 1 167408 47560 167414 47226
ROAD 1 167091 49177 167097 49482
ROAD 1 168468 42867 167414 47226
ROAD 1 155220 39597 161402 41964
ROAD 1 154458 39591 148242 32835
ROAD 1 171269 28078 171679 26449
ROAD 1 170835 31781 170859 31488
ROAD 1 170847 31933 170824 32285
ROAD 1 170753 28910 170542 29625
ROAD 1 170859 31488 170542 29625
ROAD 1 170847 35519 170847 35261
ROAD 1 170835 35683 170812 35964
ROAD 1 167507 38578 168492 38121
ROAD 1 168492 38121 170812 35964
ROAD 1 170824 32285 170847 35261
ROAD 2 173062 18433 173214 18433
ROAD 2 173214 18433 173367 18750
ROAD 2 173367 18750 172875 19207
ROAD 2 172875 19207 172113 19921
ROAD 2 172113 19921 172113 20250
ROAD 2 172113 20988 172113 23132
ROAD 2 172066 25066 172113 23132
ROAD 1 171679 26449 172066 25066
ROAD 1 172066 25066 174597 25101
ROAD 1 174597 25101 176625 25078
ROAD 1 176625 25078 177796 24421
ROAD 1 177796 24421 178781 24187
ROAD 1 178781 24187 186140 19406
ROAD 1 186140 19406 190171 17484
ROAD 1 190171 17484 191718 17390
ROAD 1 145816 76347 145476 76341
ROAD 1 145951 76353 146238 76353
ROAD 1 151851 71226 151804 72070
ROAD 1 151875 70500 151880 70013
ROAD 2 152156 70898 152449 70898
ROAD 2 151593 70798 151107 70798
ROAD 1 157347 55054 157353 54902
ROAD 1 157113 54726 157113 54820
ROAD 1 157113 54820 157353 54902
ROAD 1 157347 55171 157330 55470
ROAD 1 157119 54005 157125 53742
ROAD 1 157125 53742 159093 51281
ROAD 1 159093 51281 164906 50484
ROAD 1 164906 50484 167097 49482
ROAD 1 157330 55470 155578 59671
ROAD 1 155578 59671 154593 63468
ROAD 1 154593 63468 151875 66421
ROAD 1 151875 66421 151880 70013
ROAD 1 146238 76353 151359 74250
ROAD 1 151359 74250 151804 72070
ROAD 1 145476 76341 140953 77765
ROAD 1 140953 77765 139593 81375
ROAD 1 140853 85517 139593 81375
ROAD 2 126339 79300 127570 79031
ROAD 2 127570 79031 128267 77871
ROAD 2 137343 60298 137147 60292
ROAD 2 136924 60149 137065 60149
ROAD 2 137147 60292 137065 60149
ROAD 2 136804 60149 136500 60137
ROAD 2 137625 60732 137625 61086
ROAD 2 137894 60398 138249 60398
ROAD 2 137622 60011 137616 59542
ROAD 2 151107 70798 150937 69562
ROAD 2 150937 69562 149578 67312
ROAD 2 149578 67312 146906 65671
ROAD 2 146906 65671 144703 64593
ROAD 2 144093 63328 144703 64593
ROAD 2 144093 63328 138249 60398
ROAD 2 137625 61086 138562 65015
ROAD 2 138562 65015 137531 66421
ROAD 2 137531 66421 136687 66609
ROAD 2 136687 66609 134156 67921
ROAD 2 134156 67921 131859 70687
ROAD 2 131859 70687 130734 73312
ROAD 2 130734 73312 130828 75046
ROAD 2 130828 75046 130828 76640
ROAD 2 130828 76640 128982 77841
ROAD 2 129585 35964 129984 43218
ROAD 2 129984 43218 129843 47250
ROAD 2 129843 47250 129796 49828
ROAD 2 129796 49828 131390 52500
ROAD 2 131390 52500 132000 54234
ROAD 2 136500 60137 133312 58218
ROAD 2 133312 58218 132656 56390
ROAD 2 132656 56390 132000 54234
ROAD 2 143847 43927 143835 44361
ROAD 2 143853 43798 143847 43406
ROAD 2 140097 55804 140097 55470
ROAD 2 140097 55921 140091 56279
ROAD 2 140091 56279 137616 59542
ROAD 2 143835 44361 140097 55470
ROAD 2 143847 43406 146578 39984
ROAD 2 146578 39984 145710 33257
ROAD 2 176683 72152 176941 72140
ROAD 2 176531 72152 176238 72164
ROAD 2 175019 72328 175394 72035
ROAD 2 175394 72035 176238 72164
ROAD 2 174503 73160 173859 73640
ROAD 2 191859 80671 189468 79265
ROAD 2 189468 79265 184875 77718
ROAD 2 184875 77718 184218 74625
ROAD 2 184218 74625 183187 72515
ROAD 2 183187 72515 180000 72984
ROAD 2 180000 72984 176941 72140
ROAD 2 152449 70898 155015 69421
ROAD 2 155015 69421 155812 69890
ROAD 2 155812 69890 157078 70593
ROAD 2 157078 70593 159468 72843
ROAD 2 159468 72843 160828 72421
ROAD 2 160828 72421 162750 70218
ROAD 2 162750 70218 166687 70921
ROAD 2 166687 70921 173859 73640
ROAD 1 139335 5531 139347 5250
ROAD 1 139347 5250 142242 3421
ROAD 1 139347 5683 139335 5941
ROAD 1 138597 7781 138597 7535
ROAD 1 138597 7933 138562 8214
ROAD 1 138597 7535 139335 5941
ROAD 1 138562 8214 138398 12070
ROAD 1 138398 12070 141468 15679
ROAD 1 141597 16792 141597 16511
ROAD 1 141597 16511 141468 15679
ROAD 1 141597 16927 141580 17361
ROAD 1 145699 27621 144023 24210
ROAD 1 144023 24210 141890 19875
ROAD 1 141890 19875 141580 17361
ROAD 2 135416 18152 135591 18152
ROAD 2 135755 18380 135591 18375
ROAD 2 135591 18375 135591 18152
ROAD 2 136482 18380 137208 18369
ROAD 2 135304 18152 134812 18158
ROAD 2 137208 18369 141580 17361
ROAD 2 125988 17625 126914 17625
ROAD 2 125261 17625 124546 17625
ROAD 2 126914 17625 131835 18281
ROAD 2 131835 18281 134812 18158
ROAD 2 124546 17625 121101 22570
TOWN 2 3375 25875
TOWN 2 3375 22125
TOWN 2 191625 2625
TOWN 4 172875 18375
TOWN 2 172125 20625
TOWN 2 136125 18375
TOWN 2 125625 17625
TOWN 2 48375 32625
TOWN 4 74625 39375
TOWN 4 96375 37125
TOWN 2 98625 36375
TOWN 1 119625 34875
TOWN 2 8625 186375
TOWN 2 14625 183375
TOWN 1 92625 182625
TOWN 2 111375 178875
TOWN 2 138375 183375
TOWN 2 152625 179625
TOWN 1 154875 183375
TOWN 1 177375 154875
TOWN 2 127875 150375
TOWN 2 132375 146625
TOWN 2 97125 160125
TOWN 2 112875 156375
TOWN 2 49875 151125
TOWN 2 57375 130875
TOWN 1 78375 137625
TOWN 1 115125 133125
TOWN 1 144375 112875
TOWN 2 82125 115875
TOWN 1 43875 114375
TOWN 2 7875 116625
TOWN 1 34125 82875
TOWN 1 73875 91125
TOWN 2 70125 98625
TOWN 2 79125 85875
TOWN 1 68625 76875
TOWN 1 115875 95625
TOWN 1 139875 88125
TOWN 2 151875 70875
TOWN 2 137625 60375
TOWN 1 104625 68625
TOWN 1 44625 63375
TOWN 2 157125 54375
TOWN 4 31125 13125
TOWN 2 81375 7875
TOWN 4 116625 19875
TOWN 4 118125 1875
TOWN 4 168375 37125
TOWN 4 163828 40875
TOWN 4 148875 29625
TOWN 4 122625 34875
TOWN 4 32625 37125
TOWN 4 2625 28125
TOWN 4 7875 61125
TOWN 4 29625 54375
TOWN 4 48375 63375
TOWN 4 91875 55125
TOWN 4 104625 70875
TOWN 4 12375 68625
TOWN 4 54375 90375
TOWN 4 71625 92625
TOWN 4 136125 90375
TOWN 2 178125 109875
TOWN 4 112125 129375
TOWN 4 48375 115125
TOWN 4 25125 132375
TOWN 4 79125 135375
TOWN 4 175125 152625
TOWN 4 85125 152625
TOWN 4 59625 187875
TOWN 4 94875 178125
TOWN 4 151125 180375
TOWN 5 168375 189375
TOWN 5 96375 178875
TOWN 2 65625 10125
TOWN 5 114070 3070
TOWN 1 115500 1171
TOWN 5 143320 70
TOWN 1 142500 2601
TOWN 5 112570 21820
TOWN 1 114375 21726
TOWN 5 35343 13593
TOWN 1 33773 12375
TOWN 1 632 24726
TOWN 1 2601 32273
TOWN 5 4570 31546
TOWN 5 3046 23296
TOWN 1 31125 31125
TOWN 5 32320 28546
TOWN 1 128601 33023
TOWN 5 126820 30070
TOWN 5 144843 32296
TOWN 1 146625 31125
TOWN 5 168820 40570
TOWN 1 166500 40148
TOWN 5 126070 33820
TOWN 5 117820 36796
TOWN 1 97851 40500
TOWN 5 93867 39093
TOWN 5 81070 38296
TOWN 1 78750 36023
TOWN 5 41296 33796
TOWN 4 43875 34898
TOWN 1 27398 51773
TOWN 5 27093 48093
TOWN 5 97570 44343
TOWN 5 91570 60843
TOWN 1 89578 57773
TOWN 5 47367 63843
TOWN 5 3843 60093
TOWN 1 7101 58570
TOWN 1 14250 71273
TOWN 5 12070 70570
TOWN 2 28125 70125
TOWN 4 65625 72375
TOWN 5 71343 75093
TOWN 5 107343 70570
TOWN 5 130593 69820
TOWN 5 136593 85593
TOWN 5 33867 84843
TOWN 4 31875 80601
TOWN 2 1570 84796
TOWN 2 20273 90023
TOWN 1 35250 92625
TOWN 5 33867 90820
TOWN 5 50343 93820
TOWN 5 76593 90820
TOWN 5 113367 93070
TOWN 4 103125 111375
TOWN 5 112617 109593
TOWN 4 141375 115125
TOWN 5 141843 111820
TOWN 5 27843 137343
TOWN 5 81117 139617
TOWN 5 112617 135117
TOWN 5 177093 150820
TOWN 5 84867 159890
TOWN 1 162421 176273
TOWN 5 162843 173343
TOWN 5 10570 186796
TOWN 5 61570 186820
TOWN 5 159070 184570
TOWN 4 160125 183375
TOWN 2 171023 28570
TOWN 1 39328 38320
TOWN 2 59273 62250
TOWN 2 174796 72773
TOWN 2 125273 80320
TOWN 1 51000 89671
TOWN 2 24773 111750
TOWN 1 108070 112101
TOWN 2 168046 132703
TOWN 1 27000 134953
TOWN 2 103523 141796
TOWN 1 83296 156023
TOWN 2 142875 166125
TOWN 2 30773 185250
TOWN 1 61921 190523
TOWN 2 147070 183070
TOWN 5 126750 127500
TOWN 5 121500 126000
TOWN 5 112500 130500
TOWN 4 176601 157125
TOWN 5 172500 154500
TOWN 2 106875 123375
TOWN 5 105000 123000
TOWN 2 112875 124171
TOWN 3 68343 11390
TOWN 3 57843 79875
TOWN 3 67640 75000
TOWN 3 43875 64558
TOWN 3 28828 37171
TOWN 3 17390 33937
TOWN 3 21375 71812
TOWN 2 85125 164648
TOWN 3 60890 135328
TOWN 3 68437 136828
TOWN 3 62953 108890
TOWN 5 40500 111000
TOWN 2 48000 161261
TOWN 4 19880 174345
TOWN 2 21000 174000
TOWN 3 27398 104906
TOWN 3 132597 147703
TOWN 3 119988 107408
TOWN 3 172054 25078
TOWN 3 141574 17355
TOWN 3 121078 22546
TOWN 3 112007 117937
