ROAD 1 773 152273 1406 153000
ROAD 1 1406 153000 2343 152976
ROAD 1 2343 152976 3210 152929
ROAD 1 3210 152929 4007 152953
ROAD 1 4007 152953 4453 153117
ROAD 1 4453 153117 4992 153820
ROAD 1 5589 154980 5320 154675
ROAD 1 5320 154675 5250 154207
ROAD 1 5250 154207 4992 153820
ROAD 1 8103 154833 8232 154828
ROAD 1 7587 154828 7464 154816
ROAD 1 7464 154816 7248 154652
ROAD 1 7007 154833 7248 154652
ROAD 1 8232 154828 8847 154218
ROAD 1 8847 154218 9750 154001
ROAD 1 9750 154001 10816 154324
ROAD 1 10816 154324 11460 155003
ROAD 1 11460 155003 11941 155800
ROAD 1 11941 155800 12117 156703
ROAD 1 12117 156703 12855 157136
ROAD 1 12855 157136 13382 157652
ROAD 1 14396 160171 14255 160166
ROAD 1 14255 160166 13921 159632
ROAD 1 13921 159632 13570 158906
ROAD 1 13570 158906 13400 158074
ROAD 1 13400 158074 13382 157652
ROAD 1 14923 160171 15175 160166
ROAD 1 15175 160166 16019 160500
ROAD 1 16019 160500 16394 160757
ROAD 1 16394 160757 16933 161179
ROAD 1 16933 161179 17976 161250
ROAD 1 17976 161250 19511 161308
ROAD 1 19511 161308 20777 160945
ROAD 1 20777 160945 21140 160921
ROAD 1 21673 160921 21978 160916
ROAD 1 25177 159082 25189 158935
ROAD 1 25166 159603 25148 159767
ROAD 1 25148 159767 24691 160095
ROAD 1 21978 160916 23238 160470
ROAD 1 23238 160470 23982 160095
ROAD 1 23982 160095 24691 160095
ROAD 1 25189 158935 25927 158742
ROAD 1 25927 158742 26273 158156
ROAD 1 26273 158156 26554 157675
ROAD 1 26554 157675 27222 157031
ROAD 1 27222 157031 27773 156585
ROAD 1 28828 156597 28511 156585
ROAD 1 28945 156597 29244 156597
ROAD 1 28511 156585 27773 156585
ROAD 1 29917 159000 30117 158636
ROAD 1 30117 158636 30058 157851
ROAD 1 30058 157851 30011 157253
ROAD 1 30011 157253 29742 156890
ROAD 1 29742 156890 29244 156597
ROAD 1 29917 159000 29753 159585
ROAD 1 29753 159585 28992 159937
ROAD 1 28992 159937 28593 160699
ROAD 1 28593 160699 28570 161800
ROAD 1 28570 161800 28839 162714
ROAD 1 29349 163851 29238 163916
ROAD 1 29238 163916 29162 163916
ROAD 1 28640 163916 28470 163910
ROAD 1 29630 163511 29619 163341
ROAD 1 29619 163341 28839 162714
ROAD 1 29630 164244 29630 164308
ROAD 1 29630 164308 30011 164712
ROAD 1 30011 164712 30750 165550
ROAD 1 30750 165550 31582 165644
ROAD 1 31582 165644 32015 165000
ROAD 1 32015 165000 31968 163640
ROAD 1 31968 163640 31722 163207
ROAD 1 31722 163207 31593 162761
ROAD 1 31593 162761 31394 162339
ROAD 1 31394 162339 31289 161507
ROAD 1 31289 161507 31464 160781
ROAD 1 31464 160781 32074 160230
ROAD 1 32074 160230 32695 159761
ROAD 1 32695 159761 33445 159527
ROAD 1 33445 159527 34089 159726
ROAD 1 34089 159726 34628 160347
ROAD 1 34628 160347 35074 160828
ROAD 1 35074 160828 35191 161250
ROAD 1 35191 161250 35238 161648
ROAD 1 35238 161648 35214 162222
ROAD 1 35214 162222 35214 162503
ROAD 1 35214 162503 35226 162867
ROAD 1 35226 162867 35449 163476
ROAD 1 35449 163476 35519 164519
ROAD 1 35519 164519 35542 166054
ROAD 1 35542 166054 35742 166734
ROAD 1 35742 166734 36480 167414
ROAD 1 36480 167414 36890 167988
ROAD 1 36890 167988 37347 168550
ROAD 1 37347 168550 38226 168527
ROAD 1 38226 168527 39246 168562
ROAD 1 39246 168562 40417 168480
ROAD 1 40417 168480 41027 168023
ROAD 1 41027 168023 41566 167460
ROAD 1 41566 167460 42000 167332
ROAD 1 42000 167332 42773 167496
ROAD 1 43828 167835 43511 167789
ROAD 1 43511 167789 42773 167496
ROAD 1 43957 167835 44226 167835
ROAD 1 44226 167835 44683 168046
ROAD 1 44683 168046 44917 168738
ROAD 1 44917 168738 45128 169289
ROAD 1 45128 169289 45644 169675
ROAD 1 45644 169675 47027 170027
ROAD 1 47027 170027 48058 170074
ROAD 1 48058 170074 48773 170308
ROAD 1 48773 170308 49746 169746
ROAD 1 49746 169746 50343 169019
ROAD 1 50343 169019 50437 168609
ROAD 1 50437 168609 50554 168597
ROAD 1 50707 168585 50894 168585
ROAD 1 50894 168585 51164 168082
ROAD 1 51164 168082 51726 167777
ROAD 1 51726 167777 52488 167847
ROAD 1 52488 167847 52804 167847
ROAD 1 52957 167847 53238 167835
ROAD 1 53238 167835 54785 167800
ROAD 1 54785 167800 55722 167460
ROAD 1 55722 167460 57023 166664
ROAD 1 57023 166664 57281 166652
ROAD 1 57421 166664 57726 166640
ROAD 1 57726 166640 58441 166453
ROAD 1 59671 169359 59666 169599
ROAD 1 59671 168826 59671 168556
ROAD 1 59671 168556 59425 167730
ROAD 1 59425 167730 59203 166781
ROAD 1 59203 166781 58804 166394
ROAD 1 58804 166394 58441 166453
ROAD 1 59666 169599 59777 171093
ROAD 1 59777 171093 60140 171949
ROAD 1 60140 171949 60902 172687
ROAD 1 60902 172687 61312 173601
ROAD 1 62390 175171 62162 175177
ROAD 1 62929 175171 63375 175177
ROAD 1 62162 175177 61710 174281
ROAD 1 61710 174281 61312 173601
ROAD 1 63375 175177 64429 176226
ROAD 1 64429 176226 65929 176648
ROAD 1 65929 176648 67125 176273
ROAD 1 67125 176273 67341 175078
ROAD 1 67587 173583 67400 173578
ROAD 1 68097 173583 68419 173583
ROAD 1 67400 173578 67125 173748
ROAD 1 67125 173748 67089 174023
ROAD 1 67089 174023 67341 175078
ROAD 1 68419 173583 68847 173027
ROAD 1 68847 173027 69222 173050
ROAD 1 69222 173050 69902 173742
ROAD 1 69902 173742 70406 174269
ROAD 1 70406 174269 72035 174281
ROAD 1 29244 156597 29812 155625
ROAD 1 29812 155625 29859 154921
ROAD 1 29859 154921 29882 154125
ROAD 1 29882 154125 29917 153632
ROAD 1 44226 167835 44507 166921
ROAD 1 44507 166921 43851 165480
ROAD 1 72761 174369 72035 174281
ROAD 1 73828 174597 73646 174591
ROAD 1 73646 174591 73611 174375
ROAD 1 73611 174375 73505 174369
ROAD 1 73095 174650 73101 174837
ROAD 1 73101 174837 73611 175177
ROAD 1 73611 175177 73675 175564
ROAD 1 73939 174597 74144 174591
ROAD 1 74144 174591 74794 173847
ROAD 1 74794 173847 74941 173261
ROAD 1 74941 173261 74718 172359
ROAD 1 74718 172359 74179 171363
ROAD 1 74179 171363 73324 170437
ROAD 1 72843 169101 72380 169048
ROAD 1 72380 169048 71982 168433
ROAD 1 73171 168603 73130 168767
ROAD 1 73171 168076 73171 167941
ROAD 1 73171 167941 73494 167718
ROAD 1 73494 167718 73921 167964
ROAD 1 73125 169488 73113 169869
ROAD 1 73324 170437 73113 169869
ROAD 1 70171 165832 70171 165621
ROAD 1 70171 166365 70160 166681
ROAD 1 70160 166681 70417 167167
ROAD 1 70417 167167 71214 167472
ROAD 1 71214 167472 71800 167917
ROAD 1 71800 167917 71982 168433
ROAD 1 70171 165621 69808 164835
ROAD 1 69808 164835 69597 164261
ROAD 1 69597 164261 69410 163617
ROAD 1 69410 163617 68625 162714
ROAD 1 73921 167964 74314 168451
ROAD 1 74314 168451 74982 168439
ROAD 1 74982 168439 75697 167748
ROAD 1 75697 167748 76119 167607
ROAD 1 76171 168082 76177 167923
ROAD 1 76177 167923 76289 167677
ROAD 1 76289 167677 76119 167607
ROAD 1 76166 168609 76160 168773
ROAD 1 76160 168773 76236 169013
ROAD 1 76236 169013 76494 169072
ROAD 1 76494 169072 76910 168750
ROAD 1 78328 168603 78041 168597
ROAD 1 78041 168597 77537 168398
ROAD 1 77537 168398 77185 168480
ROAD 1 77185 168480 76910 168750
ROAD 1 79171 167326 79171 167144
ROAD 1 79171 167859 79166 167982
ROAD 1 78445 168609 78650 168597
ROAD 1 78650 168597 79025 168445
ROAD 1 79025 168445 79166 167982
ROAD 1 79171 167144 79546 165632
ROAD 1 79546 165632 79582 165000
ROAD 1 79582 165000 79359 164460
ROAD 1 79359 164460 78750 163898
ROAD 1 78750 163898 78386 163125
ROAD 1 80554 160664 80167 160664
ROAD 1 80671 160664 81023 160664
ROAD 1 80167 160664 79382 160886
ROAD 1 79382 160886 78832 161554
ROAD 1 78832 161554 78468 162175
ROAD 1 78468 162175 78386 163125
ROAD 1 82042 162574 81890 161636
ROAD 1 81890 161636 81632 160957
ROAD 1 81632 160957 81023 160664
ROAD 1 82042 162574 82183 163488
ROAD 1 82183 163488 82851 164261
ROAD 1 82851 164261 83460 164894
ROAD 1 83460 164894 84539 166382
ROAD 1 84539 166382 85335 166875
ROAD 1 85335 166875 86578 167250
ROAD 1 86578 167250 87351 166851
ROAD 1 87351 166851 87843 166148
ROAD 1 87843 166148 88242 165000
ROAD 1 89103 163804 89103 163664
ROAD 1 89103 163664 89279 163605
ROAD 1 89279 163605 89613 163646
ROAD 1 89613 163646 89964 163710
ROAD 1 89103 163916 89091 164103
ROAD 1 89091 164103 88828 164308
ROAD 1 88828 164308 88242 165000
ROAD 1 89964 163710 91394 163921
ROAD 1 92332 163078 92238 163078
ROAD 1 92853 163089 93087 163078
ROAD 1 92238 163078 92021 163236
ROAD 1 92021 163236 91781 163623
ROAD 1 91781 163623 91394 163921
ROAD 1 93890 163171 93621 163171
ROAD 1 93621 163171 93087 163078
ROAD 1 94423 163171 94693 163189
ROAD 1 94693 163189 95250 164320
ROAD 1 95250 164320 96234 164906
ROAD 1 96234 164906 96796 165375
ROAD 1 96796 165375 98601 165398
ROAD 1 98601 165398 99867 165234
ROAD 1 99867 165234 100335 164132
ROAD 1 100933 163652 101273 163646
ROAD 1 100798 163652 100517 163658
ROAD 1 100517 163658 100341 163746
ROAD 1 100341 163746 100335 164132
ROAD 1 107648 164320 106992 163570
ROAD 1 106992 163570 106054 163171
ROAD 1 106054 163171 104765 162890
ROAD 1 104765 162890 103664 162375
ROAD 1 103664 162375 102632 162820
ROAD 1 102632 162820 101718 163125
ROAD 1 101718 163125 101273 163646
ROAD 1 107648 164320 108187 164671
ROAD 1 108187 164671 108960 164507
ROAD 1 108960 164507 109324 163781
ROAD 1 109324 163781 108984 162972
ROAD 1 108984 162972 108269 162410
ROAD 1 108269 162410 108269 161824
ROAD 1 108269 161824 108691 161671
ROAD 1 108691 161671 108878 161671
ROAD 1 109441 161677 109617 161666
ROAD 1 109617 161666 109933 161326
ROAD 1 109933 161326 110261 160552
ROAD 1 111421 159609 111416 159802
ROAD 1 111416 159802 111164 160007
ROAD 1 111164 160007 110701 160183
ROAD 1 110701 160183 110261 160552
ROAD 1 111421 159076 111433 158894
ROAD 1 111433 158894 111632 158613
ROAD 1 111632 158613 112042 158542
ROAD 1 112042 158542 112582 158882
ROAD 1 112582 158882 112968 159292
ROAD 1 112968 159292 113847 159585
ROAD 1 113847 159585 114550 159468
ROAD 1 114550 159468 115324 159000
ROAD 1 115324 159000 115350 158671
ROAD 1 115350 158560 115353 158264
ROAD 1 118828 157353 118470 157347
ROAD 1 118939 157347 119384 157347
ROAD 1 115353 158264 115722 157957
ROAD 1 115722 157957 116449 157921
ROAD 1 116449 157921 117164 157417
ROAD 1 117164 157417 117867 157242
ROAD 1 117867 157242 118470 157347
ROAD 1 27375 7341 27837 7335
ROAD 1 27837 7335 29044 6333
ROAD 1 29044 6333 30304 5197
ROAD 1 30304 5197 31998 3503
ROAD 1 32619 2988 32607 3140
ROAD 1 32607 3140 31998 3503
ROAD 1 32625 2255 32625 2138
ROAD 1 32625 2138 33158 1646
ROAD 1 33158 1646 33152 1306
ROAD 1 33152 1177 33152 1306
ROAD 1 33152 1089 33158 978
ROAD 1 33158 978 32548 0
ROAD 1 27375 8226 27375 8390
ROAD 1 27375 8390 31500 13218
ROAD 1 31500 13218 34570 16757
ROAD 1 34570 16757 36914 17953
ROAD 1 36914 17953 40318 18292
ROAD 1 40579 18301 40488 18298
ROAD 1 40488 18298 40318 18292
ROAD 1 41572 18155 41507 18152
ROAD 1 41507 18152 41308 18351
ROAD 1 41173 18354 41308 18351
ROAD 1 41666 18152 47774 19057
ROAD 1 47774 19057 48079 19054
ROAD 1 9606 26305 9788 26305
ROAD 1 9788 26305 12000 27093
ROAD 1 12000 27093 26859 29625
ROAD 1 27152 30339 27149 30134
ROAD 1 27149 30134 26859 29625
ROAD 1 27152 30430 27146 30574
ROAD 1 27146 30574 27319 30788
ROAD 1 27319 30788 28265 30796
ROAD 1 28265 30796 29112 29956
ROAD 1 29112 29956 29241 29941
ROAD 1 29411 29944 29302 29941
ROAD 1 29302 29941 29241 29941
ROAD 2 30984 29455 31611 29106
ROAD 2 31611 29106 31795 29103
ROAD 2 31795 29103 31836 29100
ROAD 2 31933 29097 32053 29097
ROAD 2 32053 29097 37781 26671
ROAD 2 37781 26671 41109 21656
ROAD 2 41589 21600 41504 21600
ROAD 2 41504 21600 41109 21656
ROAD 2 41680 21600 41733 21600
ROAD 2 41733 21600 45468 21351
ROAD 2 48375 19497 48375 19666
ROAD 2 48375 19666 45468 21351
ROAD 1 55350 14660 55347 14753
ROAD 1 55350 14572 55350 14490
ROAD 1 52913 15902 52980 15902
ROAD 1 52819 15902 52746 15902
ROAD 1 48369 18744 48369 18656
ROAD 1 48369 18656 49611 17771
ROAD 1 49611 17771 51685 16359
ROAD 1 51685 16359 52746 15902
ROAD 1 52980 15902 53976 16048
ROAD 1 53976 16048 54064 16051
ROAD 1 55347 14753 55013 16078
ROAD 1 55013 16078 54764 16098
ROAD 1 54667 16104 54714 16104
ROAD 1 54714 16104 54764 16098
ROAD 1 55350 14490 55347 12955
ROAD 1 55347 12955 56091 12175
ROAD 1 56091 12175 57720 10746
ROAD 1 57720 10746 58171 10145
ROAD 1 58171 10145 58420 10125
ROAD 1 58420 10125 58500 10125
ROAD 1 60000 10125 60076 10127
ROAD 1 60076 10127 60240 10353
ROAD 1 60336 10350 60278 10350
ROAD 1 60278 10350 60240 10353
ROAD 1 60430 10350 60471 10350
ROAD 1 60471 10350 62132 10804
ROAD 1 62132 10804 65812 13125
ROAD 1 65812 13125 67312 13045
ROAD 1 67584 13054 67485 13054
ROAD 1 67485 13054 67312 13045
ROAD 1 59698 9812 59698 9770
ROAD 1 59698 9770 59695 6703
ROAD 1 59695 6703 57281 2507
ROAD 1 57281 2507 56929 0
ROAD 1 68159 13104 68220 13104
ROAD 1 68220 13104 68355 13101
ROAD 1 68355 13101 72000 10992
ROAD 1 72000 10992 77812 6890
ROAD 1 78899 3427 78899 3618
ROAD 1 78900 3336 78902 3219
ROAD 1 79820 2400 79724 2400
ROAD 1 79913 2400 80015 2400
ROAD 1 78899 3618 77812 6890
ROAD 1 79724 2400 78949 2666
ROAD 1 78949 2666 78902 3219
ROAD 1 80015 2400 81029 2361
ROAD 1 81099 2362 81046 2362
ROAD 1 81046 2362 81029 2361
ROAD 1 83081 2208 83214 2208
ROAD 1 91289 6562 103218 13828
ROAD 1 103218 13828 103822 13980
ROAD 1 104422 14291 104291 14291
ROAD 1 104291 14291 103822 13980
ROAD 1 106356 15058 106423 15058
ROAD 1 106423 15058 107789 14121
ROAD 1 113531 10781 115441 10007
ROAD 1 115441 10007 116613 9972
ROAD 1 116849 10820 116850 10593
ROAD 1 116849 10913 116847 11154
ROAD 1 116613 9972 116850 10593
ROAD 1 116847 11154 117574 11666
ROAD 1 117574 11666 119976 13429
ROAD 1 119976 13429 127898 13757
ROAD 1 127898 13757 133687 13781
ROAD 1 133687 13781 136640 16148
ROAD 1 136640 16148 137742 19453
ROAD 1 137742 19453 140273 19546
ROAD 1 138791 110830 138788 111005
ROAD 1 138899 111336 138902 111128
ROAD 1 138902 111128 138788 111005
ROAD 1 138902 111433 138899 111700
ROAD 1 138899 111700 138890 115453
ROAD 1 138890 115453 139734 121453
ROAD 1 139734 121453 143390 125718
ROAD 1 140273 19546 140648 18984
ROAD 1 141181 18946 141073 18946
ROAD 1 141073 18946 140648 18984
ROAD 1 143850 16911 143847 17052
ROAD 1 143850 16822 143852 16668
ROAD 1 142735 17453 142850 17453
ROAD 1 142850 17453 143537 17252
ROAD 1 143537 17252 143847 17052
ROAD 1 143852 16668 144164 15914
ROAD 1 144164 15914 150164 13382
ROAD 1 150164 13382 162796 12984
ROAD 1 162796 12984 166078 12421
ROAD 1 166839 12600 166710 12600
ROAD 1 166930 12597 167036 12597
ROAD 1 166710 12600 166078 12421
ROAD 1 167036 12597 167472 12424
ROAD 1 167472 12424 167578 10939
ROAD 1 167578 10939 168146 8847
ROAD 1 168146 8847 168106 7792
ROAD 1 168114 7403 168111 7494
ROAD 1 168111 7494 168106 7792
ROAD 1 30864 30651 30861 30732
ROAD 1 30861 30732 31107 32085
ROAD 1 31107 32085 31494 33480
ROAD 1 31494 33480 33357 33468
ROAD 1 34088 33599 33919 33599
ROAD 1 34179 33599 34309 33599
ROAD 1 33919 33599 33357 33468
ROAD 1 34309 33599 38812 32578
ROAD 1 51761 31113 51386 31113
ROAD 1 51386 31113 46927 32654
ROAD 1 46927 32654 45099 32847
ROAD 1 44679 32850 44800 32850
ROAD 1 44588 32850 44402 32850
ROAD 1 44800 32850 45099 32847
ROAD 1 44402 32850 39987 32862
ROAD 1 39429 32849 39619 32849
ROAD 1 39336 32849 39147 32849
ROAD 1 39619 32849 39987 32862
ROAD 1 39147 32849 38812 32578
ROAD 1 107789 14121 111375 11625
ROAD 1 111375 11625 113531 10781
ROAD 1 111375 11625 111585 13546
ROAD 1 111600 13819 111600 13655
ROAD 1 111600 13655 111585 13546
ROAD 1 111600 13910 111597 14065
ROAD 1 111597 14065 111726 16289
ROAD 1 111726 16289 111820 20156
ROAD 1 109458 35419 109453 34687
ROAD 2 88125 28875 87515 23250
ROAD 2 88125 28875 88359 30468
ROAD 1 88125 28875 87093 29437
ROAD 1 88125 28875 97968 28875
ROAD 1 109125 29625 111820 20156
ROAD 1 109453 34687 109125 29625
ROAD 1 109125 29625 99703 28828
ROAD 1 98569 28652 98472 28652
ROAD 1 98472 28652 97968 28875
ROAD 1 98663 28652 98853 28652
ROAD 1 98853 28652 99703 28828
ROAD 1 86663 29402 86791 29402
ROAD 1 86569 29402 86367 29402
ROAD 1 86791 29402 87093 29437
ROAD 1 86367 29402 78421 29531
ROAD 1 78421 29531 71343 29343
ROAD 1 71343 29343 60890 28828
ROAD 1 60416 28652 60506 28652
ROAD 1 60506 28652 60890 28828
ROAD 1 60319 28652 60164 28652
ROAD 1 60164 28652 53296 28734
ROAD 1 53296 28734 53097 29285
ROAD 1 53100 29399 53097 29285
ROAD 1 53100 29569 53100 29399
ROAD 1 53100 29660 53094 29833
ROAD 1 52854 30837 52854 30761
ROAD 1 52854 30761 53094 29833
ROAD 2 85350 16163 85349 16369
ROAD 2 85350 16072 85350 15877
ROAD 2 85349 16369 87515 23250
ROAD 2 85350 15877 85359 6843
ROAD 2 85349 6411 85347 6575
ROAD 2 85347 6575 85359 6843
ROAD 2 85347 6320 85349 6140
ROAD 2 86625 3375 85349 6140
ROAD 1 86625 3375 83214 2208
ROAD 1 86625 3375 91289 6562
ROAD 2 88349 31070 88350 30930
ROAD 2 88350 30930 88359 30468
ROAD 2 88349 31163 88346 31388
ROAD 2 88346 31388 88359 32285
ROAD 2 88359 32285 88371 34394
ROAD 2 88349 34820 88349 34684
ROAD 2 88349 34684 88371 34394
ROAD 2 88350 34913 88349 35058
ROAD 2 88349 35058 88640 37699
ROAD 2 88640 37699 89074 38941
ROAD 2 89099 39320 89100 39171
ROAD 2 89100 39171 89074 38941
ROAD 2 89099 39411 89097 39619
ROAD 2 89097 39619 88875 40125
ROAD 2 88875 40125 87205 40104
ROAD 2 86917 40104 87020 40104
ROAD 2 87020 40104 87205 40104
ROAD 1 88875 40125 89765 47109
ROAD 1 89847 47569 89847 47419
ROAD 1 89847 47419 89765 47109
ROAD 1 89850 47663 89844 47762
ROAD 1 89844 47762 89882 47997
ROAD 1 89885 48099 89885 48032
ROAD 1 89885 48032 89882 47997
ROAD 1 90808 48158 90808 48008
ROAD 1 90808 48008 91265 47876
ROAD 1 91265 47876 93041 47982
ROAD 1 93041 47982 96562 47906
ROAD 1 96562 47906 102562 46171
ROAD 1 102562 46171 108140 43406
ROAD 1 108140 43406 108468 42140
ROAD 1 108603 41663 108600 41799
ROAD 1 108600 41799 108468 42140
ROAD 1 108600 41570 108602 41345
ROAD 1 108602 41345 108603 41017
ROAD 1 108691 40347 108689 40475
ROAD 1 108689 40475 108603 41017
ROAD 1 109349 37913 109347 38099
ROAD 1 109349 37820 109352 37612
ROAD 1 109347 38099 108984 38223
ROAD 1 108805 38402 108805 38283
ROAD 1 108805 38283 108984 38223
ROAD 1 109352 37612 109293 37513
ROAD 1 109312 37420 109312 37491
ROAD 1 109312 37491 109293 37513
ROAD 1 109350 39808 109470 39808
ROAD 1 109470 39808 110578 39843
ROAD 1 110578 39843 114703 39843
ROAD 1 114703 39843 122085 39210
ROAD 1 122570 39149 122386 39149
ROAD 1 122663 39149 122844 39149
ROAD 1 122386 39149 122085 39210
ROAD 1 122844 39149 127945 37652
ROAD 1 127945 37652 128742 35578
ROAD 1 128942 35085 128941 35229
ROAD 1 128941 35229 128742 35578
ROAD 1 134885 54102 134885 54026
ROAD 1 134885 54026 122718 45281
ROAD 1 122718 45281 120281 43031
ROAD 1 120281 43031 110718 41296
ROAD 1 110718 41296 109482 40787
ROAD 1 108864 40400 108861 40494
ROAD 1 108861 40494 109482 40787
ROAD 1 129597 32663 129594 32783
ROAD 1 129600 32572 129600 32419
ROAD 1 129058 33149 129058 33041
ROAD 1 129058 33041 129594 32783
ROAD 1 129600 32419 132046 30046
ROAD 1 132046 30046 134437 27046
ROAD 1 134437 27046 137109 25640
ROAD 1 137109 25640 139781 23765
ROAD 1 140100 22911 140097 23109
ROAD 1 140097 23109 139781 23765
ROAD 1 140099 22822 140100 22589
ROAD 1 140100 22589 141517 20071
ROAD 1 141691 19353 141688 19488
ROAD 1 141688 19488 141517 20071
ROAD 1 129864 35150 129862 35230
ROAD 1 129862 35230 130171 41625
ROAD 1 130171 41625 132117 45445
ROAD 1 132117 45445 136007 53484
ROAD 1 135808 54152 135808 54043
ROAD 1 135808 54043 136007 53484
ROAD 1 29941 30597 29935 30735
ROAD 1 29935 30735 29132 34195
ROAD 1 29132 34195 22546 42562
ROAD 1 22546 42562 20250 43265
ROAD 1 20250 43265 18140 45843
ROAD 1 18140 45843 15937 46078
ROAD 1 15937 46078 12000 49734
ROAD 1 11308 50403 11308 50286
ROAD 1 11308 50286 12000 49734
ROAD 1 11843 51808 11985 51808
ROAD 1 11985 51808 22406 54375
ROAD 1 22406 54375 28312 56296
ROAD 1 28312 56296 33984 61640
ROAD 1 34669 62942 34541 62942
ROAD 1 34541 62942 33984 61640
ROAD 2 52145 31412 52142 31497
ROAD 2 52142 31497 50601 39679
ROAD 2 50399 40086 50399 39914
ROAD 2 50400 40179 50399 40346
ROAD 2 50399 39914 50601 39679
ROAD 2 50399 40346 49851 43218
ROAD 2 49851 43218 48421 51351
ROAD 2 48421 51351 46804 53835
ROAD 2 46804 53835 45539 58289
ROAD 2 45492 59695 46101 61195
ROAD 2 46125 62531 43500 64148
ROAD 2 43500 64148 39937 63984
ROAD 2 39590 63807 39700 63805
ROAD 2 39700 63805 39937 63984
ROAD 2 46350 61913 46349 62066
ROAD 2 46349 62066 46125 62531
ROAD 2 46350 61820 46352 61593
ROAD 2 46352 61593 46101 61195
ROAD 2 45600 58913 45599 59020
ROAD 2 45599 59020 45492 59695
ROAD 2 45600 58820 45600 58662
ROAD 2 45600 58662 45539 58289
ROAD 1 143572 18902 143462 18902
ROAD 1 143088 18805 143178 18805
ROAD 1 143178 18805 143462 18902
ROAD 1 143663 18899 143772 18899
ROAD 1 143772 18899 145781 19687
ROAD 1 145781 19687 149085 20742
ROAD 1 149085 20742 151218 21656
ROAD 1 151218 21656 152132 22453
ROAD 1 152099 22819 152099 22684
ROAD 1 152099 22684 152132 22453
ROAD 1 152099 22911 152096 23165
ROAD 1 152096 23165 152625 24550
ROAD 1 152625 24752 152625 24676
ROAD 1 152625 24676 152625 24550
ROAD 1 152622 25488 152616 25687
ROAD 1 152616 25687 151921 33750
ROAD 1 151921 33750 152062 36515
ROAD 1 152085 37898 151992 49382
ROAD 1 152100 37070 152102 36897
ROAD 1 152102 36897 152062 36515
ROAD 1 152100 37161 152097 37378
ROAD 1 152097 37378 152085 37898
ROAD 1 152099 50570 152100 50371
ROAD 1 152100 50371 151992 49382
ROAD 1 152099 50661 152096 50854
ROAD 1 151558 51153 151560 51043
ROAD 1 151560 51043 152096 50854
ROAD 1 153597 52557 153697 52557
ROAD 1 153697 52557 156351 56882
ROAD 1 156637 57099 156637 57016
ROAD 1 156637 57016 156351 56882
ROAD 1 158849 59307 158972 59307
ROAD 1 158972 59307 165000 60421
ROAD 1 166171 60421 181921 64875
ROAD 1 181921 64875 187406 65015
ROAD 1 188343 64968 191906 64875
ROAD 1 187929 65100 188124 65100
ROAD 1 188124 65100 188343 64968
ROAD 1 187835 65102 187640 65102
ROAD 1 187640 65102 187406 65015
ROAD 1 165429 60599 165575 60599
ROAD 1 165575 60599 166171 60421
ROAD 1 165336 60599 165213 60599
ROAD 1 165213 60599 165000 60421
ROAD 1 156098 57861 156032 57861
ROAD 1 155661 57902 155822 57902
ROAD 1 155822 57902 156032 57861
ROAD 1 155570 57903 155364 57903
ROAD 1 155364 57903 154042 57914
ROAD 1 154042 57914 147023 57468
ROAD 1 147023 57468 140953 57820
ROAD 1 140953 57820 138351 57257
ROAD 1 138351 57257 136687 55992
ROAD 1 136337 55557 136425 55557
ROAD 1 136425 55557 136687 55992
ROAD 1 88687 70312 87890 67078
ROAD 1 87890 67078 87515 58734
ROAD 1 87468 57328 89625 50578
ROAD 1 89941 50094 89935 50226
ROAD 1 89935 50226 89625 50578
ROAD 1 87597 58066 87597 57922
ROAD 1 87597 57922 87468 57328
ROAD 1 87600 58160 87597 58470
ROAD 1 87597 58470 87515 58734
ROAD 1 88652 70839 88649 70529
ROAD 1 36600 63058 36748 63058
ROAD 1 37070 63150 36776 63150
ROAD 1 36776 63150 36748 63058
ROAD 1 37675 63041 37502 63041
ROAD 1 37163 63150 37463 63150
ROAD 1 37463 63150 37502 63041
ROAD 1 87000 72372 86613 72372
ROAD 1 86613 72372 83625 72937
ROAD 1 83625 72937 75796 72937
ROAD 1 75796 72937 67921 72890
ROAD 1 67921 72890 64546 71625
ROAD 1 64546 71625 61359 67593
ROAD 1 61359 67593 59203 65437
ROAD 1 59203 65437 51328 65203
ROAD 1 51328 65203 46218 64265
ROAD 1 46218 64265 43500 64148
ROAD 1 88494 72372 88798 72372
ROAD 1 88798 72372 90577 73289
ROAD 1 90597 73819 90600 73564
ROAD 1 90600 73564 90577 73289
ROAD 1 91655 74941 91412 74941
ROAD 1 91412 74941 90603 74402
ROAD 1 90600 73913 90597 74147
ROAD 1 90597 74147 90603 74402
ROAD 1 157312 59920 157309 59994
ROAD 1 157349 60320 157349 60082
ROAD 1 157349 60082 157309 59994
ROAD 1 157349 60413 157346 60711
ROAD 1 157346 60711 157447 62162
ROAD 1 157447 62162 158021 62871
ROAD 1 158021 62871 157939 64482
ROAD 1 157939 64482 157248 65009
ROAD 1 157248 65009 157130 66164
ROAD 1 157130 66164 157107 67734
ROAD 1 154497 68625 154977 68627
ROAD 1 153752 68625 153331 68627
ROAD 1 154148 68915 154145 69225
ROAD 1 157107 67734 156515 68460
ROAD 1 156515 68460 154977 68627
ROAD 1 154145 69225 154640 71765
ROAD 1 154649 72336 154652 72052
ROAD 1 154652 72052 154640 71765
ROAD 1 154649 72427 154646 72714
ROAD 1 153331 68627 150550 68742
ROAD 1 150550 68742 148699 69457
ROAD 1 148652 70086 148652 69840
ROAD 1 148652 69840 148699 69457
ROAD 1 148649 70176 148647 70412
ROAD 1 148647 70412 147949 71390
ROAD 1 147949 71390 142781 71671
ROAD 1 142781 71671 140765 72515
ROAD 1 140765 72515 136546 75750
ROAD 1 135807 76658 135807 76469
ROAD 1 135807 76469 136546 75750
ROAD 1 154646 72714 154640 74906
ROAD 1 154640 74906 154968 83484
ROAD 1 155135 84098 155137 83863
ROAD 1 155137 83863 154968 83484
ROAD 1 157311 84555 157486 84555
ROAD 1 157486 84555 164601 84421
ROAD 1 165168 84691 164926 84691
ROAD 1 164926 84691 164601 84421
ROAD 1 134349 78114 134255 78114
ROAD 1 134255 78114 132333 79693
ROAD 1 130164 80400 130413 80400
ROAD 1 130072 80402 129764 80402
ROAD 1 132333 79693 131080 80384
ROAD 1 131080 80384 130413 80400
ROAD 1 129764 80402 125531 83718
ROAD 1 125531 83718 123398 83671
ROAD 1 123398 83671 120773 83625
ROAD 1 120773 83625 119156 82921
ROAD 1 119156 82921 117984 82828
ROAD 1 117984 82828 115875 81281
ROAD 1 115875 81281 113156 79500
ROAD 1 113156 79500 107906 79406
ROAD 1 107906 79406 102187 79218
ROAD 1 102187 79218 91875 78000
ROAD 1 91650 76927 91649 77206
ROAD 1 91650 76836 91650 76545
ROAD 1 91541 76328 91539 76494
ROAD 1 91539 76494 91650 76545
ROAD 1 91649 77206 91875 78000
ROAD 1 91875 78000 90380 79875
ROAD 1 90372 80250 90372 80003
ROAD 1 90372 80003 90380 79875
ROAD 1 90372 80994 90369 81609
ROAD 1 90369 81609 89953 82265
ROAD 1 89953 82265 84609 88968
ROAD 1 84609 88968 81046 96140
ROAD 1 81046 96140 81421 98390
ROAD 1 81635 99099 81635 98882
ROAD 1 81635 98882 81421 98390
ROAD 1 40650 68586 40652 68257
ROAD 1 40649 68679 40647 68988
ROAD 1 39115 64403 39112 64589
ROAD 1 39112 64589 40652 68257
ROAD 1 40647 68988 43218 76781
ROAD 1 43218 76781 44812 82687
ROAD 1 44812 82687 43875 90890
ROAD 1 43877 91502 43875 91136
ROAD 1 43875 91136 43875 90890
ROAD 1 9600 64822 9600 64546
ROAD 1 9600 64911 9599 65211
ROAD 1 10628 52346 10627 52554
ROAD 1 10627 52554 10078 61125
ROAD 1 10078 61125 9600 64546
ROAD 1 9599 65211 9539 72093
ROAD 1 9539 72093 9187 76945
ROAD 1 9187 76945 9562 83695
ROAD 1 9562 83695 7921 85242
ROAD 1 7921 85242 6914 85921
ROAD 1 6808 86405 6808 86260
ROAD 1 6808 86260 6914 85921
ROAD 1 6864 88400 6862 88529
ROAD 1 6862 88529 9937 97710
ROAD 1 10387 98349 10388 98185
ROAD 1 10388 98185 9937 97710
ROAD 1 11900 98885 12105 98885
ROAD 1 12105 98885 13980 98765
ROAD 1 13980 98765 17660 98648
ROAD 1 18099 98362 17929 98364
ROAD 1 17929 98364 17660 98648
ROAD 1 18697 98847 18694 99172
ROAD 1 18694 99172 16640 101167
ROAD 1 16560 102149 16564 101915
ROAD 1 16649 101679 16646 101897
ROAD 1 16646 101897 16564 101915
ROAD 1 16650 101586 16650 101299
ROAD 1 16650 101299 16640 101167
ROAD 1 11367 99654 11367 99826
ROAD 1 11367 99826 12826 101285
ROAD 1 12826 101285 14044 102673
ROAD 1 14402 102692 14179 102692
ROAD 1 14179 102692 14044 102673
ROAD 1 17099 103558 17286 103558
ROAD 1 17286 103558 18375 105931
ROAD 1 18375 105931 19294 106699
ROAD 1 19820 106652 19551 106652
ROAD 1 19911 106652 20189 106652
ROAD 1 19551 106652 19294 106699
ROAD 1 20419 106539 20250 106539
ROAD 1 20189 106652 20250 106539
ROAD 1 21811 105916 21811 105462
ROAD 1 21811 105462 24140 104765
ROAD 1 24140 104765 30984 105703
ROAD 1 30984 105703 36703 105421
ROAD 1 37500 105369 36925 105369
ROAD 1 36925 105369 36703 105421
ROAD 1 38586 105600 38443 105600
ROAD 1 38244 105372 38416 105372
ROAD 1 38416 105372 38443 105600
ROAD 1 38680 105597 38941 105597
ROAD 1 38941 105597 39539 106429
ROAD 1 39539 106429 40125 111515
ROAD 1 40125 111747 40125 111515
ROAD 1 40122 112497 40122 113036
ROAD 1 40122 113036 41039 113753
ROAD 1 41039 113753 48328 117351
ROAD 1 48377 117747 48380 117468
ROAD 1 48380 117468 48328 117351
ROAD 1 48041 118268 47847 118268
ROAD 1 47847 118268 41039 119601
ROAD 1 40403 119885 40549 119885
ROAD 1 40549 119885 41039 119601
ROAD 1 40420 112103 40580 112103
ROAD 1 40580 112103 46171 111984
ROAD 1 46171 111984 49265 110906
ROAD 1 49836 110849 49640 110849
ROAD 1 49640 110849 49265 110906
ROAD 1 49929 110852 50197 110852
ROAD 1 50197 110852 50976 110542
ROAD 1 50976 110542 51187 109148
ROAD 1 51187 109148 52593 106734
ROAD 1 60562 101531 64125 102140
ROAD 1 64822 102149 64577 102149
ROAD 1 64911 102150 65200 102150
ROAD 1 64577 102149 64125 102140
ROAD 1 65421 102041 65258 102041
ROAD 1 65258 102041 65200 102150
ROAD 1 66805 101408 66805 101091
ROAD 1 60562 101531 58593 101625
ROAD 1 52593 106734 57421 102468
ROAD 1 57301 101941 57295 102243
ROAD 1 57295 102243 57421 102468
ROAD 1 57747 101625 58289 101627
ROAD 1 58289 101627 58593 101625
ROAD 1 57000 101625 56575 101625
ROAD 1 56575 101625 52687 98203
ROAD 1 52687 98203 48632 95531
ROAD 1 48632 95531 43992 92812
ROAD 1 43875 92244 43872 92598
ROAD 1 43872 92598 43992 92812
ROAD 1 80847 101572 80847 101355
ROAD 1 80847 101663 80841 101912
ROAD 1 80941 101088 80938 101282
ROAD 1 80938 101282 80847 101355
ROAD 1 80841 101912 79500 102984
ROAD 1 79500 102984 74203 104859
ROAD 1 74203 104859 69609 104765
ROAD 1 68809 104806 69149 104806
ROAD 1 69149 104806 69609 104765
ROAD 1 67502 103125 67368 103127
ROAD 1 67297 102984 67294 103075
ROAD 1 67294 103075 67368 103127
ROAD 1 67895 103412 67892 103576
ROAD 1 67649 103839 67652 103664
ROAD 1 67652 103664 67892 103576
ROAD 1 67649 103930 67643 104179
ROAD 1 67687 104330 67687 104254
ROAD 1 67687 104254 67643 104179
ROAD 2 115869 97494 115880 97019
ROAD 2 115880 97019 114843 95531
ROAD 2 114843 95531 110250 94406
ROAD 2 110250 94406 106593 94921
ROAD 2 106593 94921 99187 94875
ROAD 2 99187 94875 98812 94218
ROAD 2 98531 92484 96234 82875
ROAD 2 95671 81375 91875 78000
ROAD 2 95847 82069 95847 81811
ROAD 2 95847 81811 95671 81375
ROAD 2 95850 82163 95847 82391
ROAD 2 95847 82391 96234 82875
ROAD 2 98850 93319 98850 93079
ROAD 2 98850 93079 98531 92484
ROAD 2 98850 93407 98847 93703
ROAD 2 98847 93703 98812 94218
ROAD 1 116170 97850 116323 97850
ROAD 1 116323 97850 118289 97992
ROAD 1 118289 97992 124078 99796
ROAD 1 124078 99796 129328 100593
ROAD 1 129328 100593 133312 98718
ROAD 1 133312 98718 135703 97125
ROAD 1 136599 96864 136054 96864
ROAD 1 136054 96864 135703 97125
ROAD 1 138111 97403 138105 97807
ROAD 1 138105 97807 138773 102023
ROAD 1 138773 102023 138984 103125
ROAD 1 138937 104648 138445 106851
ROAD 1 138445 106851 138398 108328
ROAD 1 138606 108867 138606 108603
ROAD 1 138606 108603 138398 108328
ROAD 1 138900 103929 138897 104220
ROAD 1 138897 104220 138937 104648
ROAD 1 138900 103838 138900 103520
ROAD 1 138900 103520 138984 103125
ROAD 1 167838 84805 168049 84805
ROAD 1 168049 84805 169910 86285
ROAD 1 169910 86285 171199 86449
ROAD 1 171199 86449 171515 86285
ROAD 1 171602 85911 171600 86185
ROAD 1 171600 86185 171515 86285
ROAD 1 171602 85820 171602 85508
ROAD 1 171602 85508 172031 84796
ROAD 1 172031 84796 177046 84843
ROAD 1 177046 84843 181031 87281
ROAD 1 181031 87281 181921 88828
ROAD 1 181921 88828 185765 90046
ROAD 1 185765 90046 187640 90609
ROAD 1 187640 90609 188250 91640
ROAD 1 188250 91640 188894 92121
ROAD 1 188885 92354 188885 92185
ROAD 1 188885 92185 188894 92121
ROAD 1 190312 93667 190311 93747
ROAD 1 190173 93842 190173 93754
ROAD 1 190173 93754 190311 93747
ROAD 1 190173 94346 190170 94491
ROAD 1 190170 94491 189785 95191
ROAD 1 189785 95191 187500 95484
ROAD 1 187500 95484 185507 97007
ROAD 1 185507 97007 184828 98859
ROAD 1 184828 98859 184593 100781
ROAD 1 184593 100781 183468 103171
ROAD 1 183468 103171 183281 106054
ROAD 1 183635 106599 183635 106425
ROAD 1 183635 106425 183281 106054
ROAD 1 137137 96099 137138 95830
ROAD 1 137138 95830 137179 92296
ROAD 1 137179 92296 138070 89367
ROAD 1 138070 89367 138398 88546
ROAD 1 138398 88546 138421 87445
ROAD 1 138421 87445 137554 87281
ROAD 1 137554 87281 137484 85359
ROAD 1 137484 85359 139453 84328
ROAD 1 139453 84328 139031 82546
ROAD 1 139031 82546 136359 80859
ROAD 1 136359 80859 136078 79078
ROAD 1 135867 78653 135861 78849
ROAD 1 135861 78849 136078 79078
ROAD 1 156041 86830 156035 87134
ROAD 1 155850 88819 155850 88570
ROAD 1 155850 88570 156035 87134
ROAD 1 155850 88910 155847 89173
ROAD 1 156599 91069 156600 90805
ROAD 1 156600 91163 156599 91395
ROAD 1 156600 90805 155847 89173
ROAD 1 156599 91395 155812 97968
ROAD 1 155812 97968 155765 99632
ROAD 1 155765 99632 158156 101906
ROAD 1 158156 101906 163171 101859
ROAD 1 163171 101859 163593 103453
ROAD 1 163593 103453 162515 105984
ROAD 1 162515 105984 161789 106294
ROAD 1 161789 106294 161455 107203
ROAD 1 163350 109913 163350 110194
ROAD 1 163349 109820 163349 109539
ROAD 1 163349 109539 161455 107203
ROAD 1 163350 110194 163617 110882
ROAD 1 163617 110882 165726 112242
ROAD 1 165726 112242 166851 113742
ROAD 1 167134 114095 167138 113950
ROAD 1 167138 113950 166851 113742
ROAD 1 19294 106699 18937 109312
ROAD 1 18937 109312 18000 111515
ROAD 1 18000 111515 15984 111703
ROAD 1 15984 111703 14531 112828
ROAD 1 14531 112828 13312 114281
ROAD 1 13312 114281 13031 115171
ROAD 1 13031 115171 11812 115781
ROAD 1 10930 116100 11217 116100
ROAD 1 10838 116102 10529 116102
ROAD 1 11812 115781 11217 116100
ROAD 1 9807 117162 9811 116973
ROAD 1 9811 116973 10529 116102
ROAD 1 8944 119844 8938 120152
ROAD 1 8938 120152 7464 121593
ROAD 1 7464 121593 6855 123140
ROAD 1 6105 125027 5683 124312
ROAD 1 5683 124312 5894 123281
ROAD 1 6413 123149 6730 123149
ROAD 1 6730 123149 6855 123140
ROAD 1 6320 123149 6038 123149
TOWN 1 4851 1148
TOWN 1 82078 1828
TOWN 1 105375 14671
TOWN 1 142078 18421
TOWN 1 168046 6375
TOWN 1 129046 34125
TOWN 1 108750 36421
TOWN 1 108750 39421
TOWN 4 110625 39375
TOWN 1 30375 30046
TOWN 1 8578 26250
TOWN 1 10875 51421
TOWN 1 35625 63046
TOWN 1 38578 63375
TOWN 1 90328 49171
TOWN 1 135375 55171
TOWN 1 151828 52171
TOWN 1 157687 58359
TOWN 1 166406 84750
TOWN 1 156046 85593
TOWN 1 135562 77765
TOWN 1 123000 90796
TOWN 1 93421 75187
TOWN 4 89625 81375
TOWN 1 6375 87375
TOWN 1 10875 99000
TOWN 1 15609 103171
TOWN 1 19171 97921
TOWN 1 21375 106921
TOWN 1 67921 105046
TOWN 1 81750 100265
TOWN 1 107953 115828
TOWN 1 110296 115171
TOWN 1 138421 109921
TOWN 1 137578 96796
TOWN 1 168515 114937
TOWN 1 184171 108000
TOWN 1 189703 93000
TOWN 1 84046 132000
TOWN 1 39796 119953
TOWN 1 9421 118593
TOWN 1 7078 126000
TOWN 4 7125 121125
TOWN 1 6375 155296
TOWN 1 27375 139546
TOWN 1 66750 152812
TOWN 1 109828 144421
TOWN 1 165000 148171
TOWN 1 148453 177375
TOWN 1 146250 178078
TOWN 1 57984 172875
TOWN 1 15421 170296
TOWN 1 8296 176390
TOWN 1 1125 162796
TOWN 1 98250 185671
TOWN 2 27375 7875
TOWN 2 40875 18375
TOWN 2 58875 10125
TOWN 2 59625 10125
TOWN 2 67875 13125
TOWN 2 52875 31125
TOWN 2 90375 80625
TOWN 2 88125 72375
TOWN 2 48375 118125
TOWN 2 40125 112125
TOWN 1 110625 136125
TOWN 4 22875 102375
TOWN 1 66328 102375
TOWN 2 37875 105375
TOWN 2 67863 103125
TOWN 4 69328 101613
TOWN 3 29250 156585
TOWN 3 44214 167835
TOWN 2 19875 187921
TOWN 2 43875 91875
TOWN 1 24750 74625
TOWN 2 32625 2718
TOWN 2 115875 97968
TOWN 2 11625 160125
TOWN 2 77625 188625
TOWN 2 7125 5619
TOWN 2 48375 19125
TOWN 2 54375 16125
TOWN 3 111375 11625
TOWN 3 88125 28875
TOWN 3 109125 29625
TOWN 3 86625 3375
TOWN 3 88875 40125
TOWN 2 52125 31125
TOWN 2 152625 25125
TOWN 3 43546 64171
TOWN 2 154125 68625
TOWN 2 57375 101625
TOWN 3 91875 78002
TOWN 3 91875 78002
TOWN 3 91875 78002
TOWN 3 19312 106687
TOWN 2 148875 162375
TOWN 2 164625 151875
TOWN 3 67640 107613
TOWN 3 48369 119129
TOWN 3 15164 160148
TOWN 3 113835 159585
TOWN 3 164583 152859
